Epoch Time,z
1710364843.4657176,0.03914195630285475
1710364843.4658513,-0.2561214400662316
1710364843.465985,-0.5377176735136244
1710364843.466119,-0.7898934019936455
1710364843.4662528,-1.0003900527954102
1710364843.4663866,-1.15379704369439
1710364843.4665203,-1.2420585420396593
1710364843.4666543,-1.2581696775224473
1710364843.466788,-1.1993287669287787
1710364843.4669218,-1.068337427245246
1710364843.4670556,-0.8757032288445367
1710364843.4671893,-0.6312328577041626
1710364843.4673233,-0.35138782527711654
1710364843.467457,-0.049127203722794846
1710364843.4675908,0.25423389342096114
1710364843.4677246,0.5372864670223659
1710364843.4678583,0.783906512790256
1710364843.4679923,0.9793809387418959
1710364843.468126,1.1114487383100722
1710364843.4682598,1.1696006192101371
1710364843.4683936,1.149632798300849
1710364843.4685276,1.0518956846661038
1710364843.4686613,0.883745617336697
1710364843.468795,0.6549914677937826
1710364843.4689288,0.3831489218605889
1710364843.4690626,0.08047884537114038
1710364843.4691966,-0.23195460438728333
1710364843.4693303,-0.5314132902357314
1710364843.469464,-0.8004007074568007
1710364843.4695978,-1.0245569547017415
1710364843.4697318,-1.1867198679182265
1710364843.4698656,-1.2756819195217557
1710364843.4699993,-1.2840877638922796
1710364843.470133,-1.2091355853610568
1710364843.4702668,-1.056429147720337
1710364843.4704008,-0.8368260992897881
1710364843.4705346,-0.5653869443469577
1710364843.4706683,-0.25822291771570843
1710364843.470802,0.0668166536423895
1710364843.470936,0.3852507803175184
1710364843.4710698,0.6763605276743571
1710364843.4712036,0.9247321552700466
1710364843.4713373,1.1139010058508978
1710364843.471471,1.2326569027370877
1710364843.471605,1.272242334153917
1710364843.4717388,1.2302047676510282
1710364843.4718726,1.1086462603674994
1710364843.4720063,0.9170252747005886
1710364843.47214,0.6697046094470553
1710364843.472274,0.3803464108043247
1710364843.4724078,0.0671669633852111
1710364843.4725416,-0.24806583921114603
1710364843.4726753,-0.542270839214325
1710364843.4728093,-0.8007509840859307
1710364843.472943,-1.0077451997333102
1710364843.4730768,-1.149944331910875
1710364843.4732106,-1.219642824596829
1710364843.4733443,-1.2094857957628038
1710364843.4734783,-1.1215745078192816
1710364843.473612,-0.9643149375915527
1710364843.4737458,-0.749265087975396
1710364843.4738796,-0.4890337586402893
1710364843.4740136,-0.20078288184271917
1710364843.4741473,0.09939572049511804
1710364843.474281,0.39015518294440377
1710364843.4744148,0.652889609336853
1710364843.4745486,0.8767393562528822
1710364843.4746826,1.0445390807257757
1710364843.4748163,1.1475310060713027
1710364843.47495,1.1780081854926214
1710364843.4750838,1.13316814104716
1710364843.4752176,1.0154631402757432
1710364843.4753516,0.8343515131208632
1710364843.4754853,0.6013936466640896
1710364843.475619,0.3313026494450039
1710364843.4757528,0.0380910187959671
1710364843.4758868,-0.25787265764342415
1710364843.4760206,-0.5380679170290629
1710364843.4761543,-0.7877919409010146
1710364843.476288,-0.9933851824866401
1710364843.4764218,-1.142238908343845
1710364843.4765558,-1.225246720843845
1710364843.4766896,-1.2364546457926433
1710364843.4768233,-1.1744614442189534
1710364843.476957,-1.0431198279062908
1710364843.477091,-0.8504856295055813
1710364843.4772248,-0.6105684571795993
1710364843.4773586,-0.33492634693781537
1710364843.4774923,-0.04002085576454798
1710364843.477626,0.25633576843473643
1710364843.47776,0.5330827169948154
1710364843.4778938,0.7730468114217122
1710364843.4780276,0.9643175204594929
1710364843.4781613,1.0925318797429402
1710364843.478295,1.149282587899102
1710364843.478429,1.130015320248074
1710364843.4785628,1.0347303416993883
1710364843.4786966,0.8704337146547105
1710364843.4788303,0.6472845872243246
1710364843.4789643,0.38069672054714626
1710364843.479098,0.0839819676346249
1710364843.4792318,-0.22249801291359794
1710364843.4793656,-0.5174035165044997
1710364843.4794993,-0.7849899927775065
1710364843.4796333,-1.0073949893315632
1710364843.479767,-1.1716594960954454
1710364843.4799008,-1.2648243374294705
1710364843.4800346,-1.2795346313052707
1710364843.4801686,-1.2115871906280518
1710364843.4803023,-1.065535479121738
1710364843.480436,-0.8518866035673354
1710364843.4805698,-0.585000647438897
1710364843.4807036,-0.2795878052711487
1710364843.4808376,0.04544758548339208
1710364843.4809713,0.36703454123602974
1710364843.481105,0.6637493107053969
1710364843.4812388,0.9194774760140313
1710364843.4813728,1.118104722764757
1710364843.4815066,1.2463190820482042
1710364843.4816403,1.2960635291205511
1710364843.481774,1.2631340821584065
1710364843.4819078,1.1482315593295627
1710364843.4820418,0.9632665581173366
1710364843.4821756,0.7187483708063761
1710364843.4823093,0.43219268321990967
1710364843.482443,0.11901323166158465
1710364843.4825768,-0.20078288184271917
1710364843.4827108,-0.5002415511343214
1710364843.4828446,-0.7650260792838203
1710364843.4829783,-0.9772739807764689
1710364843.483112,-1.1254272196027968
1710364843.483246,-1.1979277928670247
1710364843.4833798,-1.1898721588982475
1710364843.4835136,-1.1016105943255954
1710364843.4836473,-0.9397978915108575
1710364843.483781,-0.7187938690185547
1710364843.483915,-0.4522581232918633
1710364843.4840488,-0.15595164563920763
1710364843.4841826,0.15334385964605543
1710364843.4843163,0.4514598846435547
1710364843.4844503,0.7194489902920193
1710364843.484584,0.9446999761793349
1710364843.4847178,1.1132003201378715
1710364843.4848516,1.2144406636555989
1710364843.4849854,1.2393128871917725
1710364843.4851193,1.1895684401194255
1710364843.485253,1.0627553198072646
1710364843.4853868,0.8746374977959527
1710364843.4855206,0.633622407913208
1710364843.4856544,0.35442329115337795
1710364843.4857883,0.05385508553849326
1710364843.485922,-0.24701509210798475
1710364843.4860559,-0.5289615856276618
1710364843.4861896,-0.7786856094996134
1710364843.4863236,-0.9804261393017238
1710364843.4864573,-1.1254272196027968
1710364843.486591,-1.2007297409905326
1710364843.4867249,-1.2052828735775418
1710364843.4868586,-1.136284801695082
1710364843.4869926,-0.9993393553627862
1710364843.4871264,-0.8046036296420627
1710364843.48726,-0.5636357598834567
1710364843.4873939,-0.2911458412806193
1710364843.4875278,-0.0011437657910088699
1710364843.4876616,0.28646263811323375
1710364843.4877954,0.5537511573897468
1710364843.487929,0.7832058933046129
1710364843.4880629,0.9639671776029799
1710364843.4881968,1.0823728640874226
1710364843.4883306,1.1307160059611003
1710364843.4884644,1.1040922005971272
1710364843.488598,1.0035525427924261
1710364843.4887319,0.8357527520921495
1710364843.4888659,0.6136545870039198
1710364843.4889996,0.3484679592980279
1710364843.4891334,0.05560665080944697
1710364843.489267,-0.24596436156166923
1710364843.489401,-0.5356162124209933
1710364843.4895349,-0.7979490359624226
1710364843.4896686,-1.0179022947947185
1710364843.4898024,-1.1811159716712103
1710364843.489936,-1.2749813662634955
1710364843.49007,-1.2928438186645508
1710364843.4902039,-1.230850617090861
1710364843.4903376,-1.0928545395533245
1710364843.4904714,-0.8876115083694458
1710364843.4906054,-0.6284309095806545
1710364843.490739,-0.3314239117834303
1710364843.4908729,-0.013052063683668772
1710364843.4910066,0.3050292200512356
1710364843.4911404,0.6010433700349596
1710364843.4912744,0.8557205730014377
1710364843.491408,1.056449744436476
1710364843.4915419,1.1888678868611653
1710364843.4916756,1.2442172898186576
1710364843.4918096,1.2168929311964247
1710364843.4919434,1.1086462603674994
1710364843.492077,0.9289359384112887
1710364843.4922109,0.6886214680141872
1710364843.4923446,0.40416767199834186
1710364843.4924786,0.0916888482040829
1710364843.4926124,-0.22810192571745977
1710364843.492746,-0.5310630467202928
1710364843.4928799,-0.8000504970550537
1710364843.4930136,-1.0193032688564725
1710364843.4931476,-1.1737608909606934
1710364843.4932814,-1.2518653604719374
1710364843.493415,-1.2487130694919162
1710364843.4935489,-1.1632535192701552
1710364843.4936829,-1.0024915801154242
1710364843.4938166,-0.7779851224687364
1710364843.4939504,-0.506545967525906
1710364843.4940841,-0.2035848299662272
1710364843.4942179,0.11270759834183587
1710364843.4943519,0.4185305039087931
1710364843.4944856,0.6963283485836452
1710364843.4946194,0.9289359384112887
1710364843.4947531,1.103391581111484
1710364843.494887,1.2088357077704535
1710364843.4950209,1.237561305363973
1710364843.4951546,1.187816990746392
1710364843.4952884,1.0613540808359783
1710364843.4954221,0.8697330951690674
1710364843.495556,0.62591552734375
1710364843.4956899,0.34286297029919094
1710364843.4958236,0.03984258406692081
1710364843.4959574,-0.2652277880244785
1710364843.4960911,-0.548925499121348
1710364843.496225,-0.7986495229932997
1710364843.4963589,-0.9996895657645332
1710364843.4964926,-1.13908674981859
1710364843.4966264,-1.2105365594228108
1710364843.4967604,-1.2073842684427898
1710364843.4968941,-1.1310311158498128
1710364843.4970279,-0.987431075837877
1710364843.4971616,-0.7867411772410074
1710364843.4972954,-0.540869865152571
1710364843.4974294,-0.265578031539917
1710364843.4975631,0.02337789162993431
1710364843.4976969,0.3092329700787862
1710364843.4978306,0.5723177062140571
1710364843.4979646,0.7972184154722426
1710364843.4980984,0.972374677658081
1710364843.4982321,1.0844747225443523
1710364843.4983659,1.126161946190728
1710364843.4984996,1.094984081056383
1710364843.4986336,0.991291602452596
1710364843.4987674,0.8224409156375461
1710364843.4989011,0.5996421310636733
1710364843.499035,0.33690767155753243
1710364843.4991686,0.046848836872312755
1710364843.4993026,-0.24981705678833854
1710364843.4994364,-0.5338649948438009
1710364843.4995701,-0.7909441656536526
1710364843.499704,-1.0059940152698092
1710364843.4998379,-1.1650048361884222
1710364843.4999716,-1.2574692567189534
1710364843.5001054,-1.2749813662634955
1710364843.5002391,-1.216140455669827
1710364843.500373,-1.0830476548936632
1710364843.5005069,-0.8848095602459377
1710364843.5006406,-0.6336845291985406
1710364843.5007744,-0.3443829549683465
1710364843.5009081,-0.033015975107749305
1710364843.5010421,0.28015702962875366
1710364843.5011759,0.5716170867284139
1710364843.5013096,0.8255937364366319
1710364843.5014434,1.0273737377590604
1710364843.5015771,1.1615435282389324
1710364843.5017111,1.2217972013685439
1710364843.501845,1.2014791700575087
1710364843.5019786,1.1002387603123982
1710364843.5021124,0.9275346994400024
1710364843.5022464,0.6949271096123589
1710364843.5023801,0.4171292318238152
1710364843.502514,0.10990510384241739
1710364843.5026476,-0.205686307615704
1710364843.5027814,-0.5075966980722215
1710364843.5029154,-0.7769343588087294
1710364843.5030491,-0.9986388683319092
1710364843.503183,-1.1565989918178983
1710364843.5033166,-1.2399570147196453
1710364843.5034504,-1.2413579887813992
1710364843.5035844,-1.1587003866831462
1710364843.5037181,-0.9996895657645332
1710364843.503852,-0.7744826873143513
1710364843.5039856,-0.4995410641034444
1710364843.5041196,-0.19097604685359532
1710364843.5042534,0.13267541925112405
1710364843.5043871,0.4465555151303609
1710364843.504521,0.733461512459649
1710364843.5046546,0.9755274984571669
1710364843.5047886,1.1590912606981065
1710364843.5049224,1.2715416484408908
1710364843.5050561,1.3051716486612956
1710364843.50519,1.2582298119862874
1710364843.505324,1.1328177981906467
1710364843.5054576,0.9401459164089626
1710364843.5055914,0.6921246316697862
1710364843.5057251,0.40486829148398507
1710364843.505859,0.09484166072474585
1710364843.505993,-0.21654387315114337
1710364843.5061266,-0.5075966980722215
1710364843.5062604,-0.7625743415620592
1710364843.5063941,-0.9664163986841837
1710364843.506528,-1.1075647672017415
1710364843.506662,-1.1776136027442083
1710364843.5067956,-1.1713091532389324
1710364843.5069294,-1.0897023148006864
1710364843.5070632,-0.9387471278508503
1710364843.5071971,-0.7328036096360948
1710364843.507331,-0.4820288552178277
1710364843.5074646,-0.20253409941991168
1710364843.5075984,0.08923665516906314
1710364843.5077322,0.3733401828342014
1710364843.5078661,0.6318708260854086
1710364843.508,0.8508162366019355
1710364843.5081336,1.0165141026178997
1710364843.5082674,1.1205568578508165
1710364843.5084014,1.153135961956448
1710364843.5085351,1.1117990811665852
1710364843.508669,0.9972469011942545
1710364843.5088027,0.8210396766662598
1710364843.5089364,0.5922855271233453
1710364843.5090704,0.32429642147488064
1710364843.5092041,0.03388726876841651
1710364843.509338,-0.26207559638553196
1710364843.5094717,-0.542971326245202
1710364843.5096054,-0.7944466008080376
1710364843.5097394,-1.0038925541771782
1710364843.5098732,-1.157299412621392
1710364843.510007,-1.2452107005649142
1710364843.5101407,-1.2602712048424614
1710364843.5102746,-1.2003793981340196
1710364843.5104084,-1.069037914276123
1710364843.5105422,-0.8757032288445367
1710364843.510676,-0.6312328577041626
1710364843.5108097,-0.34963660769992405
1710364843.5109437,-0.04772622552182939
1710364843.5110774,0.2556351323922475
1710364843.5112112,0.5386877059936523
1710364843.511345,0.7860083712471856
1710364843.511479,0.9821834166844685
1710364843.5116127,1.1139010058508978
1710364843.5117464,1.172753440009223
1710364843.5118802,1.153135961956448
1710364843.512014,1.0557490587234497
1710364843.512148,0.8882996771070693
1710364843.5122817,0.6616474522484673
1710364843.5124154,0.38875391085942584
1710364843.5125492,0.08713478015528785
1710364843.5126832,-0.22494971752166748
1710364843.512817,-0.5244083868132697
1710364843.5129507,-0.7933958371480305
1710364843.5130844,-1.0175520181655884
1710364843.5132182,-1.1797149976094563
1710364843.5133522,-1.2697278128729925
1710364843.513486,-1.2788340780470107
1710364843.5136197,-1.2038818995157878
1710364843.5137534,-1.052226225535075
1710364843.5138872,-0.8336739407645332
1710364843.5140212,-0.5622347858217027
1710364843.514155,-0.2550707095199161
1710364843.5142887,0.06891852865616481
1710364843.5144224,0.3873526718881395
1710364843.5145564,0.6788127289877998
1710364843.5146902,0.9271843565834893
1710364843.514824,1.1167034837934706
1710364843.5149577,1.2361600663926866
1710364843.5150914,1.2753950224982367
1710364843.5152254,1.233707931306627
1710364843.5153592,1.1121494240230985
1710364843.515493,0.9201780954996744
1710364843.5156267,0.672156810760498
1710364843.5157607,0.3831489218605889
1710364843.5158944,0.06961915228101942
1710364843.5160282,-0.24701509210798475
1710364843.516162,-0.5419205956988864
1710364843.5162957,-0.8014514711168077
1710364843.5164297,-1.0094964504241943
1710364843.5165634,-1.15309649043613
1710364843.5166972,-1.222444772720337
1710364843.516831,-1.2140389283498128
1710364843.5169647,-1.1275286144680448
1710364843.5170987,-0.9706193208694458
1710364843.5172324,-0.7555694712532891
1710364843.5173662,-0.49638887246449787
1710364843.5175,-0.207787768708335
1710364843.517634,0.09133853018283844
1710364843.5177677,0.38174768288930255
1710364843.5179014,0.6455330716239082
1710364843.5180352,0.8672808938556247
1710364843.518169,1.0340297222137451
1710364843.518303,1.1366713047027588
1710364843.5184367,1.1671484841240776
1710364843.5185704,1.1212575435638428
1710364843.5187042,1.0039028194215562
1710364843.5188382,0.8227911922666762
1710364843.518972,0.5905339452955458
1710364843.5191057,0.3207932909329732
1710364843.5192394,0.027581643727090623
1710364843.5193732,-0.26837997966342503
1710364843.5195072,-0.547174248430464
1710364843.519641,-0.7965480619006686
1710364843.5197747,-1.0014408164554172
1710364843.5199084,-1.149243778652615
1710364843.5200422,-1.231901380750868
1710364843.5201762,-1.2424087524414062
1710364843.52031,-1.1800653404659696
1710364843.5204437,-1.0483735137515597
1710364843.5205774,-0.8564398023817275
1710364843.5207114,-0.6161723534266154
1710364843.5208452,-0.34088051981396145
1710364843.520979,-0.04562476028998693
1710364843.5211127,0.25038045313623214
1710364843.5212464,0.5260764559110006
1710364843.5213804,0.7667412360509236
1710364843.5215142,0.9576615360048082
1710364843.521648,1.0858759615156386
1710364843.5217817,1.1422762605879042
1710364843.5219157,1.1240600215064154
1710364843.5220494,1.0284247001012166
1710364843.5221832,0.864478415913052
1710364843.522317,0.6420299079683092
1710364843.5224507,0.3750917315483093
1710364843.5225847,0.07872728010018666
1710364843.5227184,-0.22775168220202127
1710364843.5228522,-0.5216064386897616
1710364843.522986,-0.7881421513027614
1710364843.52312,-1.0112476348876953
1710364843.5232537,-1.1758624182807074
1710364843.5233874,-1.2679764959547255
1710364843.5235212,-1.2823365794287787
1710364843.523655,-1.214389271206326
1710364843.523789,-1.068687703874376
1710364843.5239227,-0.8546885516908433
1710364843.5240564,-0.586751831902398
1710364843.5241902,-0.2816892663637797
1710364843.524324,0.04369602021243837
1710364843.524458,0.3652829925219218
1710364843.5245917,0.6623480717341105
1710364843.5247254,0.9180762370427449
1710364843.5248592,1.1167034837934706
1710364843.5249932,1.2449178430769179
1710364843.525127,1.2936113940344915
1710364843.5252607,1.260331604215834
1710364843.5253944,1.14542908138699
1710364843.5255282,0.9594131178326076
1710364843.5256622,0.714194311036004
1710364843.525796,0.4272883137067159
1710364843.5259297,0.11375853584872352
1710364843.5260634,-0.20533604754341972
1710364843.5261974,-0.505495203865899
1710364843.5263312,-0.7685285144382052
1710364843.526465,-0.9804261393017238
1710364843.5265987,-1.1278789573245578
1710364843.5267324,-1.1993287669287787
1710364843.5268664,-1.1898721588982475
1710364843.5270002,-1.0998594098620944
1710364843.527134,-0.9373461537890964
1710364843.5272677,-0.7145909468332926
1710364843.5274014,-0.44595374001397026
1710364843.5275354,-0.14789602822727627
1710364843.5276692,0.16105074021551344
1710364843.527803,0.4591667652130127
1710364843.5279367,0.7285571098327637
1710364843.5280707,0.9538080957200792
1710364843.5282044,1.122658782535129
1710364843.5283382,1.2235487831963432
1710364843.528472,1.249121692445543
1710364843.5286057,1.1972753206888835
1710364843.5287397,1.0711628198623657
1710364843.5288734,0.8819940355088975
1710364843.5290072,0.6395777066548666
1710364843.529141,0.3607288996378581
1710364843.529275,0.06051102446185218
1710364843.5294087,-0.24106095234553018
1710364843.5295424,-0.5233576562669542
1710364843.5296762,-0.7723812262217203
1710364843.52981,-0.9748222430547078
1710364843.529944,-1.1187725596957736
1710364843.5300777,-1.1951258447435167
1710364843.5302114,-1.1993287669287787
1710364843.5303452,-1.1299803521898057
1710364843.530479,-0.9933851824866401
1710364843.530613,-0.7986495229932997
1710364843.5307467,-0.5573313103781806
1710364843.5308805,-0.28519170151816475
1710364843.5310142,0.004110699260814322
1710364843.5311482,0.29136700762642753
1710364843.531282,0.5576045645607842
1710364843.5314157,0.7867089907328287
1710364843.5315495,0.9667697217729356
1710364843.5316832,1.0844747225443523
1710364843.5318172,1.1321172449323866
1710364843.531951,1.1040922005971272
1710364843.5320847,1.003202199935913
1710364843.5322185,0.8354024754630195
1710364843.5323524,0.6129539675182766
1710364843.5324862,0.3481176495552063
1710364843.53262,0.054906023045380906
1710364843.5327537,-0.24631460507710773
1710364843.5328875,-0.5366669429673089
1710364843.5330215,-0.7979490359624226
1710364843.5331552,-1.0189529922273424
1710364843.533289,-1.1804155508677165
1710364843.5334227,-1.2753317091200087
1710364843.5335567,-1.2928438186645508
1710364843.5336905,-1.231200959947374
1710364843.5338242,-1.0942555136150784
1710364843.533958,-0.8897129694620768
1710364843.5340917,-0.6319333447350396
1710364843.5342257,-0.33492634693781537
1710364843.5343595,-0.016904748562309477
1710364843.5344932,0.30047516028086346
1710364843.534627,0.595088005065918
1710364843.5347607,0.8508162366019355
1710364843.5348947,1.0518956846661038
1710364843.5350285,1.1850143803490532
1710364843.5351622,1.2403637833065457
1710364843.535296,1.2144406636555989
1710364843.53543,1.106894744767083
1710364843.5355637,0.9275346994400024
1710364843.5356975,0.6893221537272135
1710364843.5358312,0.4055689109696282
1710364843.535965,0.09449135098192427
1710364843.536099,-0.22389898697535196
1710364843.5362327,-0.5254591173595852
1710364843.5363665,-0.7933958371480305
1710364843.5365002,-1.0122983985477023
1710364843.5366342,-1.1664058102501762
1710364843.536768,-1.2441599369049072
1710364843.5369017,-1.2417081991831462
1710364843.5370355,-1.155548228157891
1710364843.5371692,-0.9951364331775241
1710364843.5373032,-0.7716807391908433
1710364843.537437,-0.5002415511343214
1710364843.5375707,-0.19763069020377264
1710364843.5377045,0.11796229415469699
1710364843.5378382,0.42378518316480845
1710364843.5379722,0.7005321317248874
1710364843.538106,0.9331396553251479
1710364843.5382397,1.107245021396213
1710364843.5383735,1.2119885285695393
1710364843.5385075,1.2407141261630588
1710364843.5386412,1.1899187829759386
1710364843.538775,1.0634559392929077
1710364843.5389087,0.8707840575112237
1710364843.5390425,0.6266161468293932
1710364843.5391765,0.3435635897848341
1710364843.5393102,0.03914195630285475
1710364843.539444,-0.2659282750553555
1710364843.5395777,-0.5506767166985406
1710364843.5397117,-0.8007509840859307
1710364843.5398455,-1.0021413034862943
1710364843.5399792,-1.143289672003852
1710364843.540113,-1.2140389283498128
1710364843.5402467,-1.2115871906280518
1710364843.5403807,-1.135934591293335
1710364843.5405145,-0.991984208424886
1710364843.5406482,-0.7909441656536526
1710364843.540782,-0.5454230308532715
1710364843.5409157,-0.2701312137974633
1710364843.5410497,0.019524453414811026
1710364843.5411835,0.3060801492797004
1710364843.5413172,0.5691648854149712
1710364843.541451,0.7944158713022867
1710364843.541585,0.9692218568589952
1710364843.5417187,1.0827231407165527
1710364843.5418525,1.1251109176211886
1710364843.5419862,1.0946338044272528
1710364843.54212,0.9902406401104397
1710364843.542254,0.8220905727810329
1710364843.5423877,0.5996421310636733
1710364843.5425215,0.3362070189581977
1710364843.5426552,0.04649852299027973
1710364843.5427892,-0.25086778733465404
1710364843.542923,-0.5349157253901163
1710364843.5430567,-0.7909441656536526
1710364843.5431905,-1.0063442256715562
1710364843.5433242,-1.1657052569919162
1710364843.5434582,-1.2581696775224473
1710364843.543592,-1.2763824727800157
1710364843.5437257,-1.217891640133328
1710364843.5438595,-1.0840984185536702
1710364843.5439935,-0.8862105343076918
1710364843.5441272,-0.6347352928585476
1710364843.544261,-0.34543368551466197
1710364843.5443947,-0.03371646420823203
1710364843.5445285,0.2798067198859321
1710364843.5446625,0.5716170867284139
1710364843.5447962,0.8262943559222751
1710364843.54493,1.0284247001012166
1710364843.5450637,1.163995663324992
1710364843.5451975,1.2238991260528564
1710364843.5453315,1.203580962287055
1710364843.5454652,1.103391581111484
1710364843.545599,0.9303371773825752
1710364843.5457327,0.6980799304114448
1710364843.5458667,0.4192311233944363
1710364843.5460005,0.11165666083494821
1710364843.5461342,-0.20533604754341972
1710364843.546268,-0.5079469415876601
1710364843.5464017,-0.7786856094996134
1710364843.5465357,-1.0014408164554172
1710364843.5466695,-1.1601013607449002
1710364843.5468032,-1.2448604901631672
1710364843.546937,-1.2459111213684082
1710364843.547071,-1.1639540725284152
1710364843.5472047,-1.0049432516098022
1710364843.5473385,-0.7800865835613674
1710364843.5474722,-0.5044444733195834
1710364843.547606,-0.19482874208026463
1710364843.54774,0.1298729164732827
1710364843.5478737,0.4455045527882046
1710364843.5480075,0.7327608929740058
1710364843.5481412,0.9762281179428101
1710364843.548275,1.1604924996693928
1710364843.548409,1.2739937835269504
1710364843.5485427,1.3083244694603813
1710364843.5486765,1.2624335289001465
1710364843.5488102,1.1373718579610188
1710364843.5489442,0.9446999761793349
1710364843.549078,0.6963283485836452
1710364843.5492117,0.40872173176871407
1710364843.5493455,0.09834478298823038
1710364843.5494792,-0.21409215198622808
1710364843.5496132,-0.5051449603504604
1710364843.549747,-0.7601226700676812
1710364843.5498807,-0.9632642401589288
1710364843.5500145,-1.1047628190782335
1710364843.5501485,-1.1741111013624403
1710364843.5502822,-1.1671062310536702
1710364843.550416,-1.0840984185536702
1710364843.5505497,-0.9334934420055813
1710364843.5506835,-0.7247479756673177
1710364843.5508175,-0.4732727673318651
1710364843.5509512,-0.1920267773999108
1710364843.551085,0.10114728576607174
1710364843.5512187,0.38595143291685313
1710364843.5513525,0.6455330716239082
1710364843.5514865,0.8658796548843384
1710364843.5516202,1.0329787598715887
1710364843.551754,1.1366713047027588
1710364843.5518878,1.1692504088083904
1710364843.5520217,1.1268624994489882
1710364843.5521555,1.0126606623331706
1710364843.5522892,0.8354024754630195
1710364843.552423,0.6052470869488186
1710364843.5525568,0.337257981300354
1710364843.5526907,0.04509727160135905
1710364843.5528245,-0.2515682743655311
1710364843.5529583,-0.5335147513283623
1710364843.553092,-0.7860406902101305
1710364843.553226,-0.9958369202084011
1710364843.5533597,-1.148893568250868
1710364843.5534935,-1.23680485619439
1710364843.5536273,-1.2522155708736844
1710364843.553761,-1.1930243174235027
1710364843.553895,-1.061682767338223
1710364843.5540287,-0.8683480819066365
1710364843.5541625,-0.6245781977971395
1710364843.5542963,-0.344032711452908
1710364843.5544302,-0.04247256451182895
1710364843.554564,0.26053951846228707
1710364843.5546978,0.5432417657640245
1710364843.5548315,0.7895115349027846
1710364843.5549653,0.9842853413687812
1710364843.5550992,1.1153022448221843
1710364843.555233,1.1734541257222493
1710364843.5553668,1.153135961956448
1710364843.5555005,1.0553987820943196
1710364843.5556343,0.8861978186501397
1710364843.5557683,0.6595455275641547
1710364843.555902,0.38665205240249634
1710364843.5560358,0.08433228565586938
1710364843.5561695,-0.22775168220202127
1710364843.5563035,-0.5272103680504693
1710364843.5564373,-0.7958475748697916
1710364843.556571,-1.0196534792582195
1710364843.5567048,-1.1811159716712103
1710364843.5568385,-1.2700780232747395
1710364843.5569725,-1.2798848417070177
1710364843.5571063,-1.2035316891140408
1710364843.55724,-1.0515257385041978
1710364843.5573738,-0.8312222030427721
1710364843.5575078,-0.5594328376981947
1710364843.5576415,-0.25016730030377704
1710364843.5577753,0.07522415783670214
1710364843.557909,0.39435893297195435
1710364843.5580428,0.6865196095572578
1710364843.5581768,0.9362924761242336
1710364843.5583105,1.1272128423055012
1710364843.5584443,1.2470197677612305
1710364843.558578,1.2866050667232938
1710364843.5587118,1.2442172898186576
1710364843.5588458,1.1237096786499023
1710364843.5589795,0.9317384163538615
1710364843.5591133,0.6826661692725288
1710364843.559247,0.39260735114415485
1710364843.559381,0.07767634259329902
1710364843.5595148,-0.23965997828377616
1710364843.5596485,-0.5363166994518703
1710364843.5597823,-0.7975987593332926
1710364843.559916,-1.0066945023006864
1710364843.56005,-1.151345305972629
1710364843.5601838,-1.221744351916843
1710364843.5603175,-1.2140389283498128
1710364843.5604513,-1.1275286144680448
1710364843.5605853,-0.9706193208694458
1710364843.560719,-0.7548689842224121
1710364843.5608528,-0.49568838543362087
1710364843.5609865,-0.20743752519289652
1710364843.5611203,0.09344041347503662
1710364843.5612543,0.3834992316034105
1710364843.561388,0.6472845872243246
1710364843.5615218,0.8686821990542941
1710364843.5616555,1.0361315806706746
1710364843.5617895,1.1384228865305583
1710364843.5619233,1.1681993802388508
1710364843.562057,1.122308439678616
1710364843.5621908,1.0039028194215562
1710364843.5623245,0.8231415351231892
1710364843.5624585,0.5901836686664157
1710364843.5625923,0.31939201884799534
1710364843.562726,0.026881018032630283
1710364843.5628598,-0.2694307267665863
1710364843.5629935,-0.547174248430464
1710364843.5631275,-0.7958475748697916
1710364843.5632613,-1.0000398423936632
1710364843.563395,-1.1467920409308539
1710364843.5635288,-1.2287492222256131
1710364843.5636628,-1.238556040657891
1710364843.5637965,-1.1748116546207004
1710364843.5639303,-1.0424193408754137
1710364843.564064,-0.8501353528764513
1710364843.5641978,-0.6091674831178453
1710364843.5643318,-0.3338756163914998
1710364843.5644655,-0.03932036873367097
1710364843.5645993,0.25668607817755806
1710364843.564733,0.5323820975091722
1710364843.564867,0.772346191936069
1710364843.5650008,0.9618653191460503
1710364843.5651345,1.0897294018003676
1710364843.5652683,1.14542908138699
1710364843.565402,1.125461260477702
1710364843.565536,1.0298259390725029
1710364843.5656698,0.8637777964274088
1710364843.5658035,0.6416796313391792
1710364843.5659373,0.37369049257702297
1710364843.566071,0.07732603285047743
1710364843.566205,-0.22985314329465228
1710364843.5663388,-0.5244083868132697
1710364843.5664725,-0.7916446526845295
1710364843.5666063,-1.0151003466712103
1710364843.5667403,-1.1797149976094563
1710364843.566874,-1.2725297609965007
1710364843.5670078,-1.2875902652740479
1710364843.5671415,-1.218942403793335
1710364843.5672753,-1.0739413234922621
1710364843.5674093,-0.8606427245669894
1710364843.567543,-0.5927060047785441
1710364843.5676768,-0.28764340612623424
1710364843.5678105,0.03704008128907945
1710364843.5679445,0.35932766066657174
1710364843.5680783,0.656743049621582
1710364843.568212,0.9135221772723727
1710364843.5683458,1.1117990811665852
1710364843.5684795,1.2407141261630588
1710364843.5686135,1.2904585732354057
1710364843.5687473,1.257178783416748
1710364843.568881,1.1426266034444172
1710364843.5690148,0.9566106398900349
1710364843.5691485,0.7120924525790744
1710364843.5692825,0.4234348734219869
1710364843.5694163,0.10990510384241739
1710364843.56955,-0.21058971683184305
1710364843.5696838,-0.5117996202574836
1710364843.5698178,-0.7772846354378594
1710364843.5699515,-0.990233023961385
1710364843.5700853,-1.13838619656033
1710364843.570219,-1.2108867698245578
1710364843.5703528,-1.2028311358557806
1710364843.5704868,-1.1124682426452637
1710364843.5706205,-0.9499549203448825
1710364843.5707543,-0.7264992263582017
1710364843.570888,-0.4571615325080024
1710364843.571022,-0.15770286321640015
1710364843.5711558,0.15264324016041225
1710364843.5712895,0.45181019438637626
1710364843.5714233,0.7229521539476182
1710364843.571557,0.9506553411483765
1710364843.571691,1.1209072007073295
1710364843.5718248,1.2228482299380832
1710364843.5719585,1.24947190284729
1710364843.5720923,1.1990269025166829
1710364843.5722263,1.0746659835179646
1710364843.57236,0.8847965796788533
1710364843.5724938,0.6437814897961086
1710364843.5726275,0.36493264966540867
1710364843.5727613,0.06541540225346883
1710364843.5728953,-0.23615752657254535
1710364843.573029,-0.5181040035353767
1710364843.5731628,-0.7664270533455743
1710364843.5732965,-0.9681676493750678
1710364843.5734303,-1.1110672023561265
1710364843.5735643,-1.1863696575164795
1710364843.573698,-1.1902223692999945
1710364843.5738318,-1.1194731129540336
1710364843.5739655,-0.982177389992608
1710364843.5740995,-0.7877919409010146
1710364843.5742333,-0.547174248430464
1710364843.574367,-0.2746843794981639
1710364843.5745008,0.014269764845569927
1710364843.5746346,0.3011757797665066
1710364843.5747685,0.5660120646158854
1710364843.5749023,0.7947662141587999
1710364843.575036,0.9734256400002373
1710364843.5751698,1.0900797446568806
1710364843.5753038,1.1366713047027588
1710364843.5754375,1.1086462603674994
1710364843.5755713,1.0067052973641288
1710364843.575705,0.8392559157477485
1710364843.5758388,0.6161067883173624
1710364843.5759728,0.3512704703542921
1710364843.5761065,0.05875946333010991
1710364843.5762403,-0.2424619264072842
1710364843.576374,-0.5310630467202928
1710364843.5765078,-0.7930456267462836
1710364843.5766418,-1.0115979115168254
1710364843.5767756,-1.1744614442189534
1710364843.5769093,-1.2683268388112385
1710364843.577043,-1.2861892912122939
1710364843.577177,-1.223845746782091
1710364843.5773108,-1.0858496030171711
1710364843.5774446,-0.8816573354932997
1710364843.5775783,-0.6235275003645155
1710364843.577712,-0.32722098959816825
1710364843.577846,-0.009899867905510796
1710364843.5779798,0.30748138825098675
1710364843.5781136,0.6020942661497328
1710364843.5782473,0.856771535343594
1710364843.5783813,1.0578509834077623
1710364843.578515,1.1895684401194255
1710364843.5786488,1.2442172898186576
1710364843.5787826,1.217943827311198
1710364843.5789163,1.110748185051812
1710364843.5790503,0.9313881397247314
1710364843.579184,0.6924749082989162
1710364843.5793178,0.40907204151153564
1710364843.5794516,0.09764416350258721
1710364843.5795853,-0.22144728236728245
1710364843.5797193,-0.5237078997823927
1710364843.579853,-0.7930456267462836
1710364843.5799868,-1.0115979115168254
1710364843.5801206,-1.1657052569919162
1710364843.5802546,-1.2452107005649142
1710364843.5803883,-1.2427589628431532
1710364843.580522,-1.1569492022196453
1710364843.5806558,-0.9951364331775241
1710364843.5807896,-0.7716807391908433
1710364843.5809236,-0.5009420381651984
1710364843.5810573,-0.19728044668833414
1710364843.581191,0.11901323166158465
1710364843.5813248,0.42448580265045166
1710364843.5814588,0.7026339901818169
1710364843.5815926,0.9345409605238173
1710364843.5817263,1.1096972227096558
1710364843.58186,1.2147910065121121
1710364843.5819938,1.2428160508473713
1710364843.5821278,1.1909698115454779
1710364843.5822616,1.0638062821494207
1710364843.5823953,0.8714846769968668
1710364843.582529,0.62591552734375
1710364843.582663,0.3421623508135478
1710364843.5827968,0.03563883403937022
1710364843.5829306,-0.2701312137974633
1710364843.5830643,-0.5548796388838027
1710364843.583198,-0.8056543933020698
1710364843.583332,-1.0073949893315632
1710364843.5834658,-1.148893568250868
1710364843.5835996,-1.219642824596829
1710364843.5837333,-1.217891640133328
1710364843.583867,-1.141888697942098
1710364843.584001,-0.9982885917027791
1710364843.5841348,-0.7979490359624226
1710364843.5842686,-0.5527781777911716
1710364843.5844023,-0.27818683120939464
1710364843.5845363,0.011817575949761603
1710364843.58467,0.29662171999613446
1710364843.5848038,0.5590058697594537
1710364843.5849376,0.7842568556467692
1710364843.5850713,0.9580118788613213
1710364843.5852053,1.0708125432332356
1710364843.585339,1.1124997668796115
1710364843.5854728,1.0809716251161363
1710364843.5856066,0.9772790802849664
1710364843.5857406,0.8091290129555596
1710364843.5858743,0.58703084786733
1710364843.586008,0.3235957688755459
1710364843.5861418,0.03493820627530416
1710364843.5862756,-0.26172535287009346
1710364843.5864096,-0.5450727873378329
1710364843.5865433,-0.8021519581476847
1710364843.586677,-1.0165013207329643
1710364843.5868108,-1.1755120754241943
1710364843.5869446,-1.2686770492129855
1710364843.5870786,-1.2868897120157878
1710364843.5872123,-1.2283990118238661
1710364843.587346,-1.0963569747077093
1710364843.5874798,-0.8981188138326008
1710364843.5876138,-0.6480445464452108
1710364843.5877476,-0.35909321573045516
1710364843.5878813,-0.048076469037267894
1710364843.588015,0.26474326848983765
1710364843.5881488,0.5562033255894979
1710364843.5882828,0.810880594783359
1710364843.5884166,1.0130109389623005
1710364843.5885503,1.148581902186076
1710364843.588684,1.21023694674174
1710364843.588818,1.1902691258324516
1710364843.5889518,1.0900797446568806
1710364843.5890856,0.9187768565283881
1710364843.5892193,0.6875705718994141
1710364843.589353,0.4094223512543572
1710364843.589487,0.10254853301578097
1710364843.5896208,-0.2144423955016666
1710364843.5897546,-0.5163527859581841
1710364843.5898883,-0.7870914538701375
1710364843.590022,-1.0101969374550712
1710364843.590156,-1.1692077583736844
1710364843.5902898,-1.2539667553371854
1710364843.5904236,-1.2567687034606934
1710364843.5905573,-1.1748116546207004
1710364843.5906913,-1.0168515311347113
1710364843.590825,-0.7926953501171535
1710364843.5909588,-0.5181040035353767
1710364843.5910926,-0.20988922980096605
1710364843.5912263,0.11305791636308034
1710364843.5913603,0.42868955267800224
1710364843.591494,0.7155955500072902
1710364843.5916278,0.9587124983469645
1710364843.5917616,1.1422762605879042
1710364843.5918956,1.2554272015889485
1710364843.5920293,1.2894075446658664
1710364843.592163,1.2428160508473713
1710364843.5922968,1.117404169506497
1710364843.5924306,0.9247321552700466
1710364843.5925646,0.6774114900165134
1710364843.5926983,0.39015518294440377
1710364843.592832,0.08082915511396196
1710364843.5929658,-0.2295028997792138
1710364843.5930998,-0.5188044905662537
1710364843.5932336,-0.7723812262217203
1710364843.5933673,-0.9744720326529609
1710364843.593501,-1.1138692167070177
1710364843.5936348,-1.1814663145277235
1710364843.5937688,-1.1727101273006864
1710364843.5939026,-1.0890018277698092
1710364843.5940363,-0.9359451797273424
1710364843.59417,-0.7271997133890787
1710364843.5943038,-0.4743234978781806
1710364843.5944378,-0.19272726443078783
1710364843.5945716,0.10044665800200568
1710364843.5947053,0.3852507803175184
1710364843.594839,0.6458833482530382
1710364843.594973,0.8655293782552083
1710364843.5951068,1.0326284832424588
1710364843.5952406,1.1366713047027588
1710364843.5953743,1.1689000659518771
1710364843.595508,1.1268624994489882
1710364843.595642,1.0137115584479437
1710364843.5957758,0.8371540572908189
1710364843.5959096,0.6076992882622613
1710364843.5960433,0.3400604592429267
1710364843.5961773,0.04895071188608805
1710364843.596311,-0.24561411804623073
1710364843.5964448,-0.5268600914213393
1710364843.5965786,-0.7793860965304904
1710364843.5967124,-0.988832049899631
1710364843.5968463,-1.141188144683838
1710364843.59698,-1.2297999858856201
1710364843.5971138,-1.2459111213684082
1710364843.5972476,-1.1874204211764865
1710364843.5973814,-1.0571296347512138
1710364843.5975153,-0.8651958571539985
1710364843.597649,-0.6224767367045084
1710364843.5977829,-0.344032711452908
1710364843.5979166,-0.04387354271279441
1710364843.5980506,0.2577370074060228
1710364843.5981843,0.5397386352221171
1710364843.598318,0.7860083712471856
1710364843.5984519,0.9807821777131822
1710364843.5985856,1.1124997668796115
1710364843.5987196,1.1710019906361897
1710364843.5988533,1.1520850658416748
1710364843.598987,1.0553987820943196
1710364843.5991209,0.887599057621426
1710364843.5992548,0.6616474522484673
1710364843.5993886,0.38945453034506905
1710364843.5995224,0.0878354079193539
1710364843.599656,-0.22459947400622898
1710364843.5997899,-0.5226571692360772
1710364843.5999238,-0.7933958371480305
1710364843.6000576,-1.0179022947947185
1710364843.6001914,-1.1818165249294705
1710364843.600325,-1.2728799713982475
1710364843.6004589,-1.2833873430887859
1710364843.6005929,-1.2105365594228108
1710364843.6007266,-1.059231095843845
1710364843.6008604,-0.8410290214750502
1710364843.600994,-0.5695898665322198
1710364843.601128,-0.26312632693184745
1710364843.6012619,0.062262589732805886
1710364843.6013956,0.38244830237494576
1710364843.6015294,0.6756599081887139
1710364843.601663,0.9257831176122029
1710364843.601797,1.11845506562127
1710364843.6019309,1.2396632300482855
1710364843.6020646,1.2813504536946614
1710364843.6021984,1.2407141261630588
1710364843.6023324,1.1205568578508165
1710364843.602466,0.9296365578969319
1710364843.6025999,0.6816152731577555
1710364843.6027336,0.3919067316585117
1710364843.6028674,0.0780266523361206
1710364843.6030014,-0.23930973476833767
1710364843.603135,-0.5359664559364319
1710364843.6032689,-0.7968982723024156
1710364843.6034026,-1.0056437386406791
1710364843.6035366,-1.149944331910875
1710364843.6036704,-1.221043798658583
1710364843.603804,-1.2126379542880588
1710364843.6039379,-1.1257774300045438
1710364843.6040716,-0.9685178597768147
1710364843.6042056,-0.7524173127280341
1710364843.6043394,-0.49323668082555133
1710364843.604473,-0.20498580402798122
1710364843.6046069,0.09554228848881191
1710364843.6047406,0.38665205240249634
1710364843.6048746,0.6493865119086372
1710364843.6050084,0.8704337146547105
1710364843.605142,1.0361315806706746
1710364843.6052759,1.1373718579610188
1710364843.6054099,1.165046559439765
1710364843.6055436,1.11845506562127
1710364843.6056774,0.9975971778233845
1710364843.605811,0.8157849974102444
1710364843.6059449,0.5807252062691582
1710364843.6060789,0.3088826603359646
1710364843.6062126,0.014269764845569927
1710364843.6063464,-0.2830902404255337
1710364843.6064801,-0.5615342987908257
1710364843.606614,-0.8098573154873318
1710364843.6067479,-1.0151003466712103
1710364843.6068816,-1.1629033088684082
1710364843.6070154,-1.2431091732449002
1710364843.6071491,-1.2529159916771782
1710364843.607283,-1.1891716056399875
1710364843.6074169,-1.0557286606894598
1710364843.6075506,-0.8630943960613674
1710364843.6076844,-0.6214259730445014
1710364843.6078181,-0.3471849030918545
1710364843.607952,-0.05192915598551432
1710364843.6080859,0.2437245017952389
1710364843.6082196,0.5194205045700073
1710364843.6083534,0.7593846321105957
1710364843.6084874,0.9496043788062202
1710364843.6086211,1.0774684614605374
1710364843.6087549,1.133518483903673
1710364843.6088886,1.114251348707411
1710364843.6090224,1.0189662377039592
1710364843.6091564,0.8557205730014377
1710364843.6092901,0.6339727507697211
1710364843.6094239,0.3684357802073161
1710364843.6095576,0.07312228282292683
1710364843.6096916,-0.23230484790272182
1710364843.6098254,-0.5247586303287082
1710364843.6099591,-0.7909441656536526
1710364843.6100929,-1.0136993726094563
1710364843.6102266,-1.1769130494859483
1710364843.6103606,-1.2700780232747395
1710364843.6104944,-1.2847883171505399
1710364843.6106281,-1.217541429731581
1710364843.610762,-1.0725403494305081
1710364843.6108956,-0.8606427245669894
1710364843.6110296,-0.5941069788402981
1710364843.6111634,-0.2900951107343038
1710364843.6112971,0.033536956955989204
1710364843.611431,0.3551239106390211
1710364843.6115649,0.6514883703655666
1710364843.6116986,0.9072165356742011
1710364843.6118324,1.1058437824249268
1710364843.6119661,1.2351091702779133
1710364843.6121,1.283802588780721
1710364843.6122339,1.2515738275316026
1710364843.6123676,1.138072543674045
1710364843.6125014,0.953107476234436
1710364843.6126351,0.7089396317799886
1710364843.6127691,0.42098267210854423
1710364843.6129029,0.10815353857146369
1710364843.6130366,-0.21093996034728155
1710364843.6131704,-0.5117996202574836
1710364843.6133041,-0.7765841484069824
1710364843.6134381,-0.9909335109922621
1710364843.613572,-1.139787170622084
1710364843.6137056,-1.2122877438863118
1710364843.6138394,-1.2049326631757948
1710364843.6139734,-1.1156204011705186
1710364843.6141071,-0.9541578425301446
1710364843.614241,-0.7317529122034708
1710364843.6143746,-0.4638161924150255
1710364843.6145084,-0.165408237112893
1710364843.6146424,0.14423574010531107
1710364843.6147761,0.44410331381691825
1710364843.61491,0.7145446538925171
1710364843.6150436,0.9422478410932753
1710364843.6151774,1.1117990811665852
1710364843.6153114,1.2144406636555989
1710364843.6154451,1.242115365134345
1710364843.615579,1.1923710505167644
1710364843.6157126,1.068360341919793
1710364843.6158466,0.879892177051968
1710364843.6159804,0.6402783923678927
1710364843.6161141,0.36213017172283596
1710364843.616248,0.06436446474658118
1710364843.6163816,-0.23615752657254535
1710364843.6165156,-0.5174035165044997
1710364843.6166494,-0.7646758026546902
1710364843.6167831,-0.9660661882824367
1710364843.616917,-1.1075647672017415
1710364843.617051,-1.1828672885894775
1710364843.6171846,-1.1856692367129855
1710364843.6173184,-1.1152701907687717
1710364843.6174521,-0.9765734937455919
1710364843.617586,-0.7811372809939914
1710364843.61772,-0.540169378121694
1710364843.6178536,-0.266979005601671
1710364843.6179874,0.021976642310619354
1710364843.6181211,0.30853235059314305
1710364843.618255,0.5737189451853434
1710364843.618389,0.8021227518717448
1710364843.6185226,0.9814827971988254
1710364843.6186564,1.0977866252263386
1710364843.6187901,1.1447285281287298
1710364843.6189241,1.1160027980804443
1710364843.619058,1.0147625207901
1710364843.6191916,0.8469627963172065
1710364843.6193254,0.6238136688868204
1710364843.6194592,0.35827673143810695
1710364843.6195931,0.06576571613550186
1710364843.619727,-0.23545703954166836
1710364843.6198606,-0.5244083868132697
1710364843.6199944,-0.7863909668392605
1710364843.6201284,-1.0056437386406791
1710364843.6202621,-1.1681569947136772
1710364843.620396,-1.2623725997077093
1710364843.6205297,-1.2805853949652777
1710364843.6206634,-1.219292614195082
1710364843.6207974,-1.0826974444919162
1710364843.6209311,-0.8785051769680446
1710364843.621065,-0.6214259730445014
1710364843.6211987,-0.32617025905185276
1710364843.6213324,-0.009549623355269432
1710364843.6214664,0.30748138825098675
1710364843.6216002,0.6013936466640896
1710364843.621734,0.8560709158579508
1710364843.6218677,1.0560994015799627
1710364843.6220016,1.1892182297176785
1710364843.6221354,1.2442172898186576
1710364843.6222692,1.218294170167711
1710364843.622403,1.110397842195299
1710364843.6225367,0.9320887592103746
1710364843.6226707,0.6931755940119425
1710364843.6228044,0.4097726609971788
1710364843.6229382,0.09939572049511804
1710364843.623072,-0.22039655182096693
1710364843.623206,-0.5230074127515157
1710364843.6233397,-0.7916446526845295
1710364843.6234734,-1.0112476348876953
1710364843.6236072,-1.1646544933319092
1710364843.623741,-1.2445101473066542
1710364843.623875,-1.2413579887813992
1710364843.6240087,-1.155898438559638
1710364843.6241424,-0.9951364331775241
1710364843.6242762,-0.7702797651290894
1710364843.6244102,-0.49708935949537486
1710364843.624544,-0.19272726443078783
1710364843.6246777,0.12426791919602288
1710364843.6248114,0.4318423734770881
1710364843.6249452,0.7110414902369181
1710364843.6250792,0.9457509385214912
1710364843.625213,1.121958229276869
1710364843.6253467,1.2270519468519423
1710364843.6254804,1.256828573015001
1710364843.6256142,1.2060332298278809
1710364843.6257482,1.0788697004318237
1710364843.625882,0.8858474757936265
1710364843.6260157,0.6395777066548666
1710364843.6261494,0.35442329115337795
1710364843.6262834,0.04754946049716737
1710364843.6264172,-0.2603243788083394
1710364843.626551,-0.547174248430464
1710364843.6266847,-0.7989997333950466
1710364843.6268184,-1.0024915801154242
1710364843.6269524,-1.1446906460656059
1710364843.6270862,-1.216490666071574
1710364843.62722,-1.2154399024115667
1710364843.6273537,-1.13908674981859
1710364843.6274877,-0.9954866435792711
1710364843.6276214,-0.7944466008080376
1710364843.6277552,-0.549625986152225
1710364843.627889,-0.2746843794981639
1710364843.6280227,0.016021327012115054
1710364843.6281567,0.30082547002368504
1710364843.6282904,0.5632095866733127
1710364843.6284242,0.7863587141036987
1710364843.628558,0.9604640801747639
1710364843.6286917,1.0718634393480089
1710364843.6288257,1.1139010058508978
1710364843.6289594,1.0813219017452664
1710364843.6290932,0.9751772218280368
1710364843.629227,0.8049252960417006
1710364843.629361,0.5821264452404445
1710364843.6294947,0.3176404701338874
1710364843.6296284,0.027231329845057592
1710364843.6297622,-0.2704814573129018
1710364843.629896,-0.5520776907602946
1710364843.63003,-0.8084563414255778
1710364843.6301637,-1.0228057040108574
1710364843.6302974,-1.1818165249294705
1710364843.6304312,-1.2728799713982475
1710364843.6305652,-1.2896916601392958
1710364843.630699,-1.230150196287367
1710364843.6308327,-1.0970574617385864
1710364843.6309664,-0.898469090461731
1710364843.6311002,-0.6466435723834567
1710364843.6312342,-0.3569917215241326
1710364843.631368,-0.045975007944636874
1710364843.6315017,0.2675457629892561
1710364843.6316354,0.5590058697594537
1710364843.6317692,0.8136830727259318
1710364843.6319032,1.0144121779335868
1710364843.632037,1.149632798300849
1710364843.6321707,1.2098866038852267
1710364843.6323044,1.1895684401194255
1710364843.6324384,1.0893791251712375
1710364843.6325722,0.9166749980714586
1710364843.632706,0.6844177511003282
1710364843.6328397,0.40591925382614136
1710364843.6329734,0.09939572049511804
1710364843.6331074,-0.2172443601820204
1710364843.6332412,-0.5191547340816921
1710364843.633375,-0.7891929149627686
1710364843.6335087,-1.0115979115168254
1710364843.6336427,-1.1706087324354384
1710364843.6337764,-1.2550175189971924
1710364843.6339102,-1.2567687034606934
1710364843.634044,-1.1748116546207004
1710364843.6341777,-1.0165013207329643
1710364843.6343117,-0.7916446526845295
1710364843.6344454,-0.5163527859581841
1710364843.6345792,-0.20743752519289652
1710364843.634713,0.11726166639063093
1710364843.634847,0.43254299296273124
1710364843.6349807,0.7208502292633057
1710364843.6351144,0.964667797088623
1710364843.6352482,1.1482315593295627
1710364843.635382,1.2617328431871202
1710364843.635516,1.2960635291205511
1710364843.6356497,1.24947190284729
1710364843.6357834,1.1244103643629286
1710364843.6359172,0.9310377968682183
1710364843.636051,0.6833667887581719
1710364843.636185,0.39540986220041907
1710364843.6363187,0.08468259539869097
1710364843.6364524,-0.22705119517114428
1710364843.6365862,-0.5188044905662537
1710364843.6367202,-0.7741324106852213
1710364843.636854,-0.9776241911782159
1710364843.6369877,-1.1187725596957736
1710364843.6371214,-1.1867198679182265
1710364843.6372552,-1.1786643664042156
1710364843.6373892,-1.0949560006459553
1710364843.637523,-0.9425998396343654
1710364843.6376567,-0.7328036096360948
1710364843.6377904,-0.47887666357888115
1710364843.6379244,-0.19587947262658012
1710364843.6380582,0.09904541075229645
1710364843.638192,0.38595143291685313
1710364843.6383257,0.6472845872243246
1710364843.6384594,0.8690324756834242
1710364843.6385934,1.0375328196419609
1710364843.6387272,1.1429769463009305
1710364843.638861,1.1766069465213351
1710364843.6389947,1.1356204085879855
1710364843.6391284,1.021768781873915
1710364843.6392624,0.8455615573459201
1710364843.6393962,0.6164571311738756
1710364843.63953,0.3491686118973626
1710364843.6396637,0.05805883970525529
1710364843.6397977,-0.23825900422202215
1710364843.6399314,-0.5191547340816921
1710364843.6400652,-0.7709802521599664
1710364843.640199,-0.9804261393017238
1710364843.6403327,-1.133482853571574
1710364843.6404667,-1.221744351916843
1710364843.6406004,-1.237505276997884
1710364843.6407342,-1.1779638131459553
1710364843.640868,-1.0483735137515597
1710364843.641002,-0.8567900127834743
1710364843.6411357,-0.6140708923339844
1710364843.6412694,-0.33632732099956936
1710364843.6414032,-0.036518416470951505
1710364843.641537,0.2640426324473487
1710364843.641671,0.5453436573346456
1710364843.6418047,0.7895115349027846
1710364843.6419384,0.983584721883138
1710364843.6420722,1.114251348707411
1710364843.642206,1.172052886750963
1710364843.64234,1.1524354086981878
1710364843.6424737,1.0553987820943196
1710364843.6426075,0.8879493342505561
1710364843.6427412,0.6616474522484673
1710364843.6428752,0.39050549268722534
1710364843.643009,0.08958697319030762
1710364843.6431427,-0.22109703885184392
1710364843.6432765,-0.5184542470508151
1710364843.6434102,-0.7874416642718844
1710364843.6435442,-1.0108974244859483
1710364843.643678,-1.1734106805589464
1710364843.6438117,-1.2630731529659696
1710364843.6439455,-1.2728799713982475
1710364843.6440794,-1.1993287669287787
1710364843.6442132,-1.0483735137515597
1710364843.644347,-0.8298212289810181
1710364843.6444807,-0.5590825610690646
1710364843.6446145,-0.2522687613964081
1710364843.6447484,0.07137071755197313
1710364843.6448822,0.39050549268722534
1710364843.645016,0.6833667887581719
1710364843.6451497,0.9327893786960177
1710364843.6452837,1.1240600215064154
1710364843.6454175,1.245268185933431
1710364843.6455512,1.2866050667232938
1710364843.645685,1.2466694249047172
1710364843.6458187,1.125811603334215
1710364843.6459527,0.9359421994951036
1710364843.6460865,0.6893221537272135
1710364843.6462202,0.40066454145643443
1710364843.646354,0.08748509817653231
1710364843.6464877,-0.2284521692328983
1710364843.6466217,-0.5251088738441467
1710364843.6467555,-0.7853402031792535
1710364843.6468892,-0.9940856695175171
1710364843.647023,-1.13838619656033
1710364843.647157,-1.2087852425045438
1710364843.6472907,-1.2014301617940266
1710364843.6474245,-1.1149198479122586
1710364843.6475582,-0.9576602776845295
1710364843.647692,-0.742960704697503
1710364843.647826,-0.4841303163104587
1710364843.6479597,-0.19552922911114162
1710364843.6480935,0.1039497885439131
1710364843.6482272,0.39365831348631114
1710364843.6483612,0.6560424301359389
1710364843.648495,0.8770896991093953
1710364843.6486287,1.0434881183836195
1710364843.6487625,1.1440278424157035
1710364843.6488962,1.1731037828657362
1710364843.6490302,1.1251109176211886
1710364843.649164,1.0056544012493558
1710364843.6492977,0.8224409156375461
1710364843.6494315,0.5877314673529731
1710364843.6495652,0.31518826882044476
1710364843.6496992,0.020575390921698675
1710364843.649833,-0.27713608410623336
1710364843.6499667,-0.5566308233473036
1710364843.6501005,-0.8067050907346938
1710364843.6502345,-1.0122983985477023
1710364843.6503682,-1.1604515711466472
1710364843.650502,-1.2434595161014133
1710364843.6506357,-1.2543169657389324
1710364843.6507695,-1.1919735537634955
1710364843.6509035,-1.0606320699055989
1710364843.6510372,-0.8686982923083835
1710364843.651171,-0.6291313966115316
1710364843.6513047,-0.35454001691606307
1710364843.6514387,-0.06068525628911124
1710364843.6515725,0.23426607251167297
1710364843.6517062,0.5092614558007982
1710364843.65184,0.749225550227695
1710364843.6519737,0.9394452969233195
1710364843.6521077,1.0669591029485066
1710364843.6522415,1.1244103643629286
1710364843.6523752,1.1047928200827704
1710364843.652509,1.0105587376488578
1710364843.6526427,0.8466124534606934
1710364843.6527767,0.62591552734375
1710364843.6529105,0.3607288996378581
1710364843.6530442,0.06646633976035647
1710364843.653178,-0.23895949125289917
1710364843.653312,-0.5328142642974854
1710364843.6534457,-0.7979490359624226
1710364843.6535795,-1.0210544533199735
1710364843.6537132,-1.1842682626512315
1710364843.653847,-1.2784838676452637
1710364843.653981,-1.2931941615210638
1710364843.6541147,-1.225246720843845
1710364843.6542485,-1.0816466808319092
1710364843.6543822,-0.8693987793392605
1710364843.6545162,-0.6021626128090752
1710364843.65465,-0.29885123173395794
1710364843.6547837,0.026530704150597252
1710364843.6549175,0.3477673398123847
1710364843.6550512,0.6444821092817519
1710364843.6551852,0.9023121992746989
1710364843.655319,1.1012897226545546
1710364843.6554527,1.2312556637658012
1710364843.6555865,1.2820510069529216
1710364843.6557205,1.249822245703803
1710364843.6558542,1.1366713047027588
1710364843.655988,0.9520565801196628
1710364843.6561217,0.7082390122943454
1710364843.6562555,0.4202820526229011
1710364843.6563895,0.10710260106457604
1710364843.6565232,-0.21269117792447406
1710364843.656657,-0.5132005943192376
1710364843.6567907,-0.7779851224687364
1710364843.6569245,-0.991984208424886
1710364843.6570585,-1.139787170622084
1710364843.6571922,-1.2126379542880588
1710364843.657326,-1.2049326631757948
1710364843.6574597,-1.1156204011705186
1710364843.6575937,-0.9527568684683906
1710364843.6577275,-0.7296514511108398
1710364843.6578612,-0.46031372414694893
1710364843.657995,-0.16155554188622367
1710364843.6581287,0.14878979987568325
1710364843.6582627,0.44795675410164726
1710364843.6583965,0.7187483708063761
1710364843.6585302,0.945400595664978
1710364843.658664,1.114601559109158
1710364843.658798,1.2154916922251384
1710364843.6589317,1.2428160508473713
1710364843.6590655,1.1913200219472249
1710364843.6591992,1.0659081406063504
1710364843.659333,0.8763890133963691
1710364843.659467,0.6353739897410074
1710364843.6596007,0.3568754924668206
1710364843.6597345,0.05840914944807688
1710364843.6598682,-0.2424619264072842
1710364843.660002,-0.5237078997823927
1710364843.660136,-0.7709802521599664
1710364843.6602697,-0.9709695974985758
1710364843.6604035,-1.1128184530470107
1710364843.6605372,-1.1874204211764865
1710364843.6606712,-1.1888213952382405
1710364843.660805,-1.1180721388922796
1710364843.6609387,-0.9797256522708468
1710364843.6610725,-0.7839392291174995
1710364843.6612062,-0.542971326245202
1710364843.6613402,-0.2704814573129018
1710364843.661474,0.01882382772035069
1710364843.6616077,0.3053795297940572
1710364843.6617415,0.5702158477571275
1710364843.6618755,0.799320273929172
1710364843.6620092,0.9790306621127658
1710364843.662143,1.0960350433985393
1710364843.6622767,1.1426266034444172
1710364843.6624105,1.1160027980804443
1710364843.6625445,1.0154631402757432
1710364843.6626782,0.8483640352884928
1710364843.662812,0.6276671091715494
1710364843.6629457,0.3638817204369439
1710364843.6630797,0.07172102729479472
1710364843.6632135,-0.2284521692328983
1710364843.6633472,-0.5170532729890611
1710364843.663481,-0.7783353328704834
1710364843.6636147,-0.9975881046719021
1710364843.6637487,-1.1608019140031602
1710364843.6638825,-1.2557180722554524
1710364843.6640162,-1.2749813662634955
1710364843.66415,-1.2154399024115667
1710364843.6642838,-1.0802457067701552
1710364843.6644177,-0.8785051769680446
1710364843.6645515,-0.6231772237353854
1710364843.6646852,-0.3289722071753608
1710364843.664819,-0.013052063683668772
1710364843.664953,0.30397829082277084
1710364843.6650867,0.5971899297502306
1710364843.6652205,0.852567818429735
1710364843.6653543,1.0543478197521634
1710364843.665488,1.187816990746392
1710364843.665622,1.244567632675171
1710364843.6657557,1.2203959623972576
1710364843.6658895,1.1153022448221843
1710364843.6660233,0.9383944008085463
1710364843.6661572,0.7008824083540175
1710364843.666291,0.4185305039087931
1710364843.6664248,0.10815353857146369
1710364843.6665585,-0.21093996034728155
1710364843.6666923,-0.5125001072883606
1710364843.6668262,-0.7825382550557454
1710364843.66696,-1.0021413034862943
1710364843.6670938,-1.1579999658796523
1710364843.6672275,-1.2382058302561443
1710364843.6673613,-1.237155066596137
1710364843.6674953,-1.15309649043613
1710364843.667629,-0.9933851824866401
1710364843.6677628,-0.7695792118708292
1710364843.6678965,-0.49743960301081336
1710364843.6680305,-0.19447848200798035
1710364843.6681643,0.12251635392506917
1710364843.668298,0.429740481906467
1710364843.6684318,0.7085892889234755
1710364843.6685655,0.9429484605789185
1710364843.6686995,1.118104722764757
1710364843.6688333,1.2238991260528564
1710364843.668967,1.2536757522159152
1710364843.6691008,1.203580962287055
1710364843.6692348,1.0764175653457642
1710364843.6693685,0.883745617336697
1710364843.6695023,0.6381764676835802
1710364843.669636,0.3523213995827569
1710364843.6697698,0.046848836872312755
1710364843.6699038,-0.26137510935465497
1710364843.6700375,-0.5468240049150255
1710364843.6701713,-0.7989997333950466
1710364843.670305,-1.0024915801154242
1710364843.6704388,-1.1439900928073459
1710364843.6705728,-1.2154399024115667
1710364843.6707065,-1.2140389283498128
1710364843.6708403,-1.138035986158583
1710364843.670974,-0.9937354591157701
1710364843.671108,-0.7930456267462836
1710364843.6712418,-0.5475244919459025
1710364843.6713755,-0.27293316192097133
1710364843.6715093,0.016371639859345224
1710364843.671643,0.3011757797665066
1710364843.671777,0.5625089671876695
1710364843.6719108,0.7867089907328287
1710364843.6720445,0.9594131178326076
1710364843.6721783,1.0701119237475925
1710364843.6723123,1.1100475655661688
1710364843.672446,1.0774684614605374
1710364843.6725798,0.9706231620576646
1710364843.6727135,0.8010718557569716
1710364843.6728473,0.5779227283265855
1710364843.6729813,0.3137870298491584
1710364843.673115,0.022326954123046663
1710364843.6732488,-0.2743341359827253
1710364843.6733825,-0.5580317974090576
1710364843.6735165,-0.8147607247034708
1710364843.6736503,-1.0298105743196275
1710364843.673784,-1.1884711848364935
1710364843.6739178,-1.2802350521087646
1710364843.6740515,-1.299148268169827
1710364843.6741855,-1.2399570147196453
1710364843.6743193,-1.1072144905726116
1710364843.674453,-0.91002709335751
1710364843.6745868,-0.6592523389392428
1710364843.6747205,-0.3699507647090488
1710364843.6748545,-0.05963452574279573
1710364843.6749883,0.2538835671212938
1710364843.675122,0.5463945865631104
1710364843.6752558,0.8000208934148152
1710364843.6753898,1.0014506181081135
1710364843.6755235,1.137722200817532
1710364843.6756573,1.1993772453731961
1710364843.675791,1.179409424463908
1710364843.6759248,1.08027093940311
1710364843.6760588,0.9086177746454874
1710364843.6761925,0.6767108705308702
1710364843.6763263,0.3992633024851481
1710364843.67646,0.09238946768972608
1710364843.676594,-0.22494971752166748
1710364843.6767278,-0.5275606115659078
1710364843.6768615,-0.7972485489315456
1710364843.6769953,-1.0196534792582195
1710364843.677129,-1.1800653404659696
1710364843.677263,-1.2641239166259766
1710364843.6773968,-1.2669258647494845
1710364843.6775305,-1.1853188938564725
1710364843.6776643,-1.0270086261961195
1710364843.677798,-0.8014514711168077
1710364843.677932,-0.5261596043904623
1710364843.6780658,-0.2168941166665819
1710364843.6781995,0.10850384831428528
1710364843.6783333,0.42448580265045166
1710364843.6784673,0.7127930720647176
1710364843.678601,0.956960916519165
1710364843.6787348,1.1419260501861572
1710364843.6788685,1.2550769911872015
1710364843.6790023,1.2904585732354057
1710364843.6791363,1.2431662612491183
1710364843.67927,1.1191556188795302
1710364843.6794038,0.9257831176122029
1710364843.6795375,0.6774114900165134
1710364843.6796715,0.39015518294440377
1710364843.6798053,0.0797782176070743
1710364843.679939,-0.23195460438728333
1710364843.6800728,-0.5223069257206386
1710364843.6802065,-0.7772846354378594
1710364843.6803405,-0.981126692559984
1710364843.6804743,-1.1201735337575276
1710364843.680608,-1.1888213952382405
1710364843.6807418,-1.1800653404659696
1710364843.6808755,-1.0956564876768324
1710364843.6810095,-0.9425998396343654
1710364843.6811433,-0.7324533992343478
1710364843.681277,-0.47957715060975814
1710364843.6814108,-0.19728044668833414
1710364843.6815448,0.09659322599569956
1710364843.6816785,0.38279861211776733
1710364843.6818123,0.6437814897961086
1710364843.681946,0.864478415913052
1710364843.6820798,1.0312271780437894
1710364843.6822138,1.1359706189897325
1710364843.6823475,1.1703013049231634
1710364843.6824813,1.1279135280185275
1710364843.682615,1.0158134831322563
1710364843.682749,0.8392559157477485
1710364843.6828828,0.6115527285469903
1710364843.6830165,0.34461451901329887
1710364843.6831503,0.05420539942052629
1710364843.683284,-0.24106095234553018
1710364843.683418,-0.5205557081434462
1710364843.6835518,-0.7713304625617133
1710364843.6836855,-0.9790251652399699
1710364843.6838193,-1.1313813262515597
1710364843.6839533,-1.218942403793335
1710364843.684087,-1.234002908070882
1710364843.6842208,-1.1751618650224473
1710364843.6843545,-1.0448710785971747
1710364843.6844883,-0.8539880646599664
1710364843.6846223,-0.6116191546122233
1710364843.684756,-0.3338756163914998
1710364843.6848898,-0.03511743826998605
1710364843.6850235,0.2650935782326592
1710364843.6851573,0.5460442768202888
1710364843.6852913,0.7902121543884277
1710364843.685425,0.9846356179979112
1710364843.6855588,1.114951901965671
1710364843.6856925,1.1734541257222493
1710364843.6858265,1.153486304812961
1710364843.6859603,1.0568000210656059
1710364843.686094,0.8893506394492255
1710364843.6862278,0.6637493107053969
1710364843.6863616,0.3929576608869764
1710364843.6864955,0.09238946768972608
1710364843.6866293,-0.21864533424377441
1710364843.686763,-0.5156522989273071
1710364843.6868968,-0.7842895057466295
1710364843.6870308,-1.0084456867641873
1710364843.6871645,-1.1716594960954454
1710364843.6872983,-1.2620223893059623
1710364843.687432,-1.2721794181399875
1710364843.6875658,-1.1993287669287787
1710364843.6876998,-1.0487237903806899
1710364843.6878335,-0.830171439382765
1710364843.6879673,-0.5601333247290717
1710364843.688101,-0.2526190049118466
1710364843.6882348,0.07207134531603919
1710364843.6883688,0.3919067316585117
1710364843.6885026,0.6847680277294582
1710364843.6886363,0.9355918566385905
1710364843.68877,1.1275631851620145
1710364843.688904,1.24947190284729
1710364843.6890378,1.2922100226084392
1710364843.6891716,1.2519241703881157
1710364843.6893053,1.1321172449323866
1710364843.689439,0.9418974982367622
1710364843.689573,0.6942264901267158
1710364843.6897068,0.40521860122680664
1710364843.6898406,0.0916888482040829
1710364843.6899743,-0.22600044806798297
1710364843.6901083,-0.5233576562669542
1710364843.690242,-0.7842895057466295
1710364843.6903758,-0.9940856695175171
1710364843.6905096,-1.13908674981859
1710364843.6906433,-1.2098360061645508
1710364843.6907773,-1.2017803721957736
1710364843.690911,-1.1149198479122586
1710364843.6910448,-0.9569597906536526
1710364843.6911786,-0.7405089669757419
1710364843.6913123,-0.47957715060975814
1710364843.6914463,-0.1899253163072798
1710364843.69158,0.1120069788561927
1710364843.6917138,0.4038173622555203
1710364843.6918476,0.6679530276192559
1710364843.6919816,0.8904015355639987
1710364843.6921153,1.0571503639221191
1710364843.692249,1.1583907074398465
1710364843.6923828,1.1864157517751057
1710364843.6925166,1.1384228865305583
1710364843.6926506,1.017915341589186
1710364843.6927843,0.8333006170060899
1710364843.692918,0.5964893102645874
1710364843.6930518,0.32254483964708114
1710364843.6931858,0.026530704150597252
1710364843.6933196,-0.27328340543640983
1710364843.6934533,-0.5541791518529257
1710364843.693587,-0.8053041166729397
1710364843.6937208,-1.0115979115168254
1710364843.6938548,-1.1611521244049072
1710364843.6939886,-1.2441599369049072
1710364843.6941223,-1.2553677293989394
1710364843.694256,-1.1937248706817627
1710364843.69439,-1.0620330439673529
1710364843.6945238,-0.8707997534010146
1710364843.6946576,-0.6308825810750326
1710364843.6947913,-0.3566414780086941
1710364843.694925,-0.06383745206726922
1710364843.695059,0.23076294196976554
1710364843.6951928,0.504707396030426
1710364843.6953266,0.7439708709716797
1710364843.6954603,0.9324390358395046
1710364843.695594,1.0592522223790486
1710364843.695728,1.1153022448221843
1710364843.6958618,1.0946338044272528
1710364843.6959956,0.9996991025076972
1710364843.6961293,0.8354024754630195
1710364843.6962633,0.6136545870039198
1710364843.696397,0.3484679592980279
1710364843.6965308,0.052804148031605616
1710364843.6966646,-0.2515682743655311
1710364843.6967983,-0.5440220567915175
1710364843.6969323,-0.8095070388582017
1710364843.697066,-1.0319120354122586
1710364843.6971998,-1.1947755018870037
1710364843.6973336,-1.2868897120157878
1710364843.6974676,-1.301950216293335
1710364843.6976013,-1.234353118472629
1710364843.697735,-1.0890018277698092
1710364843.6978688,-0.8764037158754137
1710364843.6980026,-0.6098679701487223
1710364843.6981366,-0.30480537149641246
1710364843.6982703,0.019524453414811026
1710364843.698404,0.3414617313279046
1710364843.6985378,0.6381764676835802
1710364843.6986716,0.8946053187052408
1710364843.6988056,1.0942834615707397
1710364843.6989393,1.2238991260528564
1710364843.699073,1.2746944692399766
1710364843.6992068,1.242115365134345
1710364843.6993408,1.1293147669898138
1710364843.6994746,0.9436490800645616
1710364843.6996083,0.7005321317248874
1710364843.699742,0.4136261012819078
1710364843.6998758,0.10044665800200568
1710364843.7000098,-0.2189955777592129
1710364843.7001436,-0.5191547340816921
1710364843.7002773,-0.7835890187157525
1710364843.700411,-0.9975881046719021
1710364843.700545,-1.1453910668690999
1710364843.7006788,-1.218942403793335
1710364843.7008126,-1.2105365594228108
1710364843.7009463,-1.1212242974175346
1710364843.70108,-0.9580105543136597
1710364843.701214,-0.7349050707287258
1710364843.7013478,-0.466267897023095
1710364843.7014816,-0.16750969820552403
1710364843.7016153,0.14353510406282213
1710364843.701749,0.4427020748456319
1710364843.701883,0.7138440344068739
1710364843.7020168,0.9411968787511189
1710364843.7021506,1.111098461680942
1710364843.7022843,1.2130394246843126
1710364843.7024183,1.2393128871917725
1710364843.702552,1.188167201148139
1710364843.7026858,1.0627553198072646
1710364843.7028196,0.8739368783103095
1710364843.7029533,0.6318708260854086
1710364843.7030873,0.35337236192491317
1710364843.703221,0.05385508553849326
1710364843.7033548,-0.24666484859254625
1710364843.7034886,-0.5275606115659078
1710364843.7036226,-0.7762338717778523
1710364843.7037563,-0.9762232171164619
1710364843.70389,-1.1180721388922796
1710364843.7040238,-1.1926741070217557
1710364843.7041576,-1.1940750810835097
1710364843.7042916,-1.1229754818810356
1710364843.7044253,-0.9842788510852389
1710364843.704559,-0.7874416642718844
1710364843.7046928,-0.5457732743687099
1710364843.7048268,-0.27258291840553284
1710364843.7049606,0.017422578401035733
1710364843.7050943,0.3050292200512356
1710364843.705228,0.5709164672427707
1710364843.7053618,0.8003712362713283
1710364843.7054958,0.9800815582275391
1710364843.7056296,1.0981369018554688
1710364843.7057633,1.14542908138699
1710364843.705897,1.118104722764757
1710364843.7060308,1.0189662377039592
1710364843.7061648,0.852567818429735
1710364843.7062986,0.6318708260854086
1710364843.7064323,0.3677351607216729
1710364843.706566,0.07732603285047743
1710364843.7067,-0.22284825642903644
1710364843.7068338,-0.510748889711168
1710364843.7069676,-0.7709802521599664
1710364843.7071013,-0.990233023961385
1710364843.707235,-1.152396069632636
1710364843.707369,-1.2469618850284152
1710364843.7075028,-1.2658751010894775
1710364843.7076366,-1.2063336372375488
1710364843.7077703,-1.0707891649670072
1710364843.7079043,-0.8693987793392605
1710364843.708038,-0.6137206157048544
1710364843.7081718,-0.3195156322585212
1710364843.7083056,-0.003945718312429057
1710364843.7084394,0.31063420905007255
1710364843.7085733,0.6038458479775323
1710364843.708707,0.8595740132861667
1710364843.7088408,1.0589018795225356
1710364843.7089746,1.1920207076602511
1710364843.7091084,1.2477204534742568
1710364843.7092423,1.2214469909667969
1710364843.709376,1.1160027980804443
1710364843.7095098,0.9380440579520332
1710364843.7096436,0.6998315122392442
1710364843.7097776,0.4164286123381721
1710364843.7099113,0.10570135381486681
1710364843.710045,-0.21339166495535108
1710364843.7101789,-0.5163527859581841
1710364843.7103126,-0.7856904798083835
1710364843.7104466,-1.0052935282389324
1710364843.7105803,-1.1611521244049072
1710364843.710714,-1.2413579887813992
1710364843.7108479,-1.2392565939161513
1710364843.7109818,-1.154847674899631
1710364843.7111156,-0.9937354591157701
1710364843.7112494,-0.7692290014690822
1710364843.711383,-0.49673911597993636
1710364843.7115169,-0.1920267773999108
1710364843.7116508,0.1260194761885537
1710364843.7117846,0.4342945416768392
1710364843.7119184,0.714194311036004
1710364843.712052,0.9489037593205769
1710364843.7121859,1.126161946190728
1710364843.7123199,1.2330072455936008
1710364843.7124536,1.2624335289001465
1710364843.7125874,1.2119885285695393
1710364843.712721,1.0855256848865085
1710364843.712855,0.8932040797339545
1710364843.7129889,0.6465839677386813
1710364843.7131226,0.3617798619800144
1710364843.7132564,0.05560665080944697
1710364843.71339,-0.2515682743655311
1710364843.713524,-0.5384181605445014
1710364843.7136579,-0.7905938890245225
1710364843.7137916,-0.9930349720848931
1710364843.7139254,-1.1341832743750677
1710364843.7140594,-1.2063336372375488
1710364843.714193,-1.2031813462575276
1710364843.7143269,-1.1268281936645508
1710364843.7144606,-0.982177389992608
1710364843.7145944,-0.7811372809939914
1710364843.7147284,-0.5356162124209933
1710364843.714862,-0.2606746223237779
1710364843.7149959,0.02793195553951793
1710364843.7151296,0.3120354811350505
1710364843.7152636,0.5733686685562134
1710364843.7153974,0.795116557015313
1710364843.715531,0.9674703412585788
1710364843.7156649,1.076067222489251
1710364843.7157986,1.1153022448221843
1710364843.7159326,1.08027093940311
1710364843.7160664,0.9734256400002373
1710364843.7162,0.8010718557569716
1710364843.7163339,0.5761711464987861
1710364843.7164676,0.3099335895644294
1710364843.7166016,0.020225079109271366
1710364843.7167354,-0.27818683120939464
1710364843.716869,-0.5618845091925727
1710364843.7170029,-0.8186134364869859
1710364843.7171369,-1.0326125224431355
1710364843.7172706,-1.1916233433617485
1710364843.7174044,-1.2837375534905326
1710364843.717538,-1.301600005891588
1710364843.7176719,-1.2434595161014133
1710364843.7178059,-1.1103667153252494
1710364843.7179396,-0.9138798051410251
1710364843.7180734,-0.6641557481553819
1710364843.7182071,-0.3759049044715034
1710364843.718341,-0.06628916081455019
1710364843.7184749,0.24582639336585999
1710364843.7186086,0.5365858475367228
1710364843.7187424,0.7905624310175577
1710364843.7188761,0.9919922219382392
1710364843.71901,1.1279135280185275
1710364843.7191439,1.1885175440046523
1710364843.7192776,1.1696006192101371
1710364843.7194114,1.0704622003767226
1710364843.7195451,0.9002102745903863
1710364843.719679,0.6693543328179253
1710364843.7198129,0.3929576608869764
1710364843.7199466,0.08678447041246626
1710364843.7200804,-0.2284521692328983
1710364843.7202144,-0.5289615856276618
1710364843.7203481,-0.7989997333950466
1710364843.7204819,-1.0207042429182265
1710364843.7206156,-1.1797149976094563
1710364843.7207494,-1.2648243374294705
1710364843.7208834,-1.2676262855529785
1710364843.7210171,-1.1863696575164795
1710364843.7211509,-1.0277091132269964
1710364843.7212846,-0.8028524451785617
1710364843.7214186,-0.5279108550813463
1710364843.7215524,-0.21829509072833592
1710364843.7216861,0.10640197330050997
1710364843.7218199,0.4230845636791653
1710364843.7219536,0.7120924525790744
1710364843.7220876,0.956960916519165
1710364843.7222214,1.141225364473131
1710364843.7223551,1.2557775444454617
1710364843.7224889,1.2908087836371527
1710364843.7226226,1.2449178430769179
1710364843.7227566,1.1202066474490695
1710364843.7228904,0.9275346994400024
1710364843.7230241,0.6795133484734429
1710364843.723158,0.3912061121728685
1710364843.7232919,0.08082915511396196
1710364843.7234256,-0.2312541173564063
1710364843.7235594,-0.5226571692360772
1710364843.7236931,-0.7776348458396064
1710364843.723827,-0.981476902961731
1710364843.7239609,-1.1222750610775418
1710364843.7240946,-1.1912731329600017
1710364843.7242284,-1.1832174989912245
1710364843.7243621,-1.0988086462020874
1710364843.7244961,-0.9457519981596205
1710364843.7246299,-0.7359558343887329
1710364843.7247636,-0.4837800727950202
1710364843.7248974,-0.2018336123890347
1710364843.7250311,0.0920391579469045
1710364843.7251651,0.3782445523473951
1710364843.725299,0.6378261910544502
1710364843.7254326,0.8588733938005235
1710364843.7255664,1.0252718793021307
1710364843.7257004,1.129665109846327
1710364843.7258341,1.1615435282389324
1710364843.725968,1.1205568578508165
1710364843.7261016,1.0067052973641288
1710364843.7262354,0.8311986923217773
1710364843.7263694,0.6031452284918891
1710364843.7265031,0.3365573618147108
1710364843.726637,0.0461482091082467
1710364843.7267706,-0.24806583921114603
1710364843.7269044,-0.5265098479059007
1710364843.7270384,-0.7769343588087294
1710364843.7271721,-0.9842788510852389
1710364843.727306,-1.136284801695082
1710364843.7274396,-1.221394141515096
1710364843.7275736,-1.235754092534383
1710364843.7277074,-1.1751618650224473
1710364843.7278411,-1.0452213552263048
1710364843.727975,-0.8522368139690822
1710364843.7281086,-0.6091674831178453
1710364843.7282426,-0.3307234247525533
1710364843.7283764,-0.03091451194551256
1710364843.7285101,0.27034827404552036
1710364843.728644,0.5519995755619472
1710364843.728778,0.7972184154722426
1710364843.7289116,0.9926928414238824
1710364843.7290454,1.1244103643629286
1710364843.7291791,1.18396348423428
1710364843.729313,1.165046559439765
1710364843.729447,1.0697615808910794
1710364843.7295806,0.9037134382459853
1710364843.7297144,0.6784624523586696
1710364843.7298481,0.4076708025402493
1710364843.729982,0.1078032288286421
1710364843.730116,-0.20253409941991168
1710364843.7302496,-0.5016425251960754
1710364843.7303834,-0.7713304625617133
1710364843.7305171,-0.9961871306101481
1710364843.7306511,-1.1611521244049072
1710364843.730785,-1.2532663345336914
1710364843.7309186,-1.2662253114912245
1710364843.7310524,-1.1951258447435167
1710364843.7311862,-1.0459218422571819
1710364843.7313201,-0.829470952351888
1710364843.731454,-0.5597830480999416
1710364843.7315876,-0.25401997897360057
1710364843.7317214,0.06961915228101942
1710364843.7318554,0.3891042206022474
1710364843.7319891,0.6823158926433986
1710364843.732123,0.933840341038174
1710364843.7322567,1.1268624994489882
1710364843.7323904,1.249822245703803
1710364843.7325244,1.2929107083214653
1710364843.7326581,1.2543763054741752
1710364843.732792,1.1356204085879855
1710364843.7329257,0.9461012813780043
1710364843.7330594,0.6987805498970879
1710364843.7331934,0.4094223512543572
1710364843.7333272,0.09659322599569956
1710364843.733461,-0.22144728236728245
1710364843.7335947,-0.5195049775971307
1710364843.7337286,-0.7807870705922444
1710364843.7338624,-0.991283721394009
1710364843.7339962,-1.137685775756836
1710364843.73413,-1.2084350321027968
1710364843.7342637,-1.2014301617940266
1710364843.7343976,-1.1145696375105116
1710364843.7345314,-0.9573100672827827
1710364843.7346652,-0.740859243604872
1710364843.734799,-0.47992739412519664
1710364843.734933,-0.18922482927640277
1710364843.7350667,0.11235728859901428
1710364843.7352004,0.40416767199834186
1710364843.7353342,0.6690039899614122
1710364843.735468,0.8918027745352851
1710364843.735602,1.0589018795225356
1710364843.7357357,1.160842842525906
1710364843.7358694,1.1895684401194255
1710364843.7360032,1.1419260501861572
1710364843.7361372,1.0214184390174017
1710364843.736271,0.8375043339199489
1710364843.7364047,0.6017439895206027
1710364843.7365384,0.3281498286459181
1710364843.7366722,0.032836331261528864
1710364843.7368062,-0.2659282750553555
1710364843.73694,-0.5468240049150255
1710364843.7370737,-0.7965480619006686
1710364843.7372074,-1.0021413034862943
1710364843.7373412,-1.150294542312622
1710364843.7374752,-1.232952144410875
1710364843.737609,-1.2434595161014133
1710364843.7377427,-1.1804155508677165
1710364843.7378764,-1.0487237903806899
1710364843.7380104,-0.8574904998143513
1710364843.7381442,-0.6179235378901163
1710364843.738278,-0.344733198483785
1710364843.7384117,-0.05262964301639133
1710364843.7385454,0.24057169755299884
1710364843.7386794,0.5138155155711703
1710364843.7388132,0.7516777515411377
1710364843.738947,0.9387446774376763
1710364843.7390807,1.064156625005934
1710364843.7392147,1.11845506562127
1710364843.7393484,1.0967356628841824
1710364843.7394822,1.0003997219933403
1710364843.739616,0.8354024754630195
1710364843.7397497,0.8354024754630195
1710364843.7398837,1.118104722764757
1710364843.7400174,1.1587410502963595
1710364843.7401512,1.1244103643629286
1710364843.740285,1.0182656182183158
1710364843.7404187,0.8476634158028497
1710364843.7405527,0.6238136688868204
1710364843.7406864,0.35862704118092853
1710364843.7408202,0.06856821477413177
1710364843.740954,-0.2288024127483368
1710364843.741088,-0.5135508378346761
1710364843.7412217,-0.7699294884999592
1710364843.7413554,-0.9846291277143691
1710364843.7414892,-1.1439900928073459
1710364843.741623,-1.2378556198543973
1710364843.741757,-1.2571190463172064
1710364843.7418907,-1.2007297409905326
1710364843.7420244,-1.070438888337877
1710364843.7421582,-0.8764037158754137
1710364843.7422922,-0.6291313966115316
1710364843.742426,-0.344733198483785
1710364843.7425597,-0.03791939467191696
1710364843.7426934,0.27069858378834194
1710364843.7428272,0.5586555269029405
1710364843.7429612,0.8098296324412028
1710364843.743095,1.0088072220484416
1710364843.7432287,1.1429769463009305
1710364843.7433624,1.2021797233157687
1710364843.7434962,1.1815113491482205
1710364843.7436302,1.0827231407165527
1710364843.743764,0.9114203188154433
1710364843.7438977,0.6809145874447292
1710364843.7440314,0.40416767199834186
1710364843.7441654,0.09869510100947486
1710364843.7442992,-0.2175946036974589
1710364843.744433,-0.5184542470508151
1710364843.7445667,-0.7888426383336384
1710364843.7447004,-1.0119481219185722
1710364843.7448344,-1.1727101273006864
1710364843.7449682,-1.2592204411824544
1710364843.745102,-1.2637735737694633
1710364843.7452357,-1.1846184730529785
1710364843.7453697,-1.0284096002578735
1710364843.7455034,-0.8060046037038167
1710364843.7456372,-0.5328142642974854
1710364843.745771,-0.22494971752166748
1710364843.7459047,0.09834478298823038
1710364843.7460387,0.4146770636240641
1710364843.7461724,0.7026339901818169
1710364843.7463062,0.9464515580071343
1710364843.74644,1.1321172449323866
1710364843.746574,1.2473701106177435
1710364843.7467077,1.2827516926659477
1710364843.7468414,1.237561305363973
1710364843.7469752,1.1139010058508978
1710364843.747109,0.9215794006983439
1710364843.747243,0.6739083925882975
1710364843.7473767,0.3852507803175184
1710364843.7475104,0.07487383981545766
1710364843.7476442,-0.23825900422202215
1710364843.747778,-0.5310630467202928
1710364843.747912,-0.7874416642718844
1710364843.7480457,-0.9933851824866401
1710364843.7481794,-1.1355842484368217
1710364843.7483132,-1.2063336372375488
1710364843.7484472,-1.2000291877322726
1710364843.748581,-1.1177217960357666
1710364843.7487147,-0.9660661882824367
1710364843.7488484,-0.7573207219441731
1710364843.7489822,-0.504094229804145
1710364843.7491162,-0.22214776939815944
1710364843.74925,0.07137071755197313
1710364843.7493837,0.3575761119524638
1710364843.7495174,0.618208646774292
1710364843.7496514,0.8399565352333916
1710364843.7497852,1.007055640220642
1710364843.749919,1.1117990811665852
1710364843.7500527,1.1447285281287298
1710364843.7501864,1.102690961625841
1710364843.7503204,0.9888394011391534
1710364843.7504542,0.8122818337546455
1710364843.750588,0.5821264452404445
1710364843.7507217,0.31413733959198
1710364843.7508554,0.023027579817507002
1710364843.7509894,-0.2746843794981639
1710364843.7511232,-0.5559303363164266
1710364843.751257,-0.8084563414255778
1710364843.7513907,-1.0186027818255954
1710364843.7515247,-1.1716594960954454
1710364843.7516584,-1.2599209944407146
1710364843.7517922,-1.2756819195217557
1710364843.751926,-1.2168408764733207
1710364843.7520597,-1.0869003666771782
1710364843.7521937,-0.8939158916473389
1710364843.7523274,-0.6515469815995958
1710364843.7524612,-0.3717019822862413
1710364843.752595,-0.07084233065446217
1710364843.752729,0.23181388775507608
1710364843.7528627,0.5155670642852783
1710364843.7529964,0.7635884152518378
1710364843.7531302,0.960814356803894
1710364843.753264,1.0942834615707397
1710364843.753398,1.1548875437842474
1710364843.7535317,1.1387732293870714
1710364843.7536654,1.0438384612401326
1710364843.7537992,0.8784909380806817
1710364843.7539332,0.6549914677937826
1710364843.754067,0.38455016083187527
1710364843.7542007,0.08503290514151256
1710364843.7543344,-0.22529996103710598
1710364843.7544682,-0.5233576562669542
1710364843.7546022,-0.7930456267462836
1710364843.754736,-1.0179022947947185
1710364843.7548697,-1.1821667353312175
1710364843.7550035,-1.2728799713982475
1710364843.7551372,-1.2837375534905326
1710364843.7552712,-1.2112369802263048
1710364843.755405,-1.059931582874722
1710364843.7555387,-0.8417295085059272
1710364843.7556725,-0.5688893795013428
1710364843.7558064,-0.26137510935465497
1710364843.7559402,0.06576571613550186
1710364843.756074,0.38770298163096106
1710364843.7562077,0.6837171316146851
1710364843.7563415,0.9369930956098769
1710364843.7564754,1.1317669020758734
1710364843.7566092,1.2561278873019748
1710364843.756743,1.3009679317474365
1710364843.7568767,1.264185110727946
1710364843.7570107,1.14542908138699
1710364843.7571445,0.9562602970335219
1710364843.7572782,0.7103408707512749
1710364843.757412,0.4202820526229011
1710364843.7575457,0.10710260106457604
1710364843.7576797,-0.21129020386272007
1710364843.7578135,-0.5086474286185371
1710364843.7579472,-0.7706299755308363
1710364843.758081,-0.981476902961731
1710364843.7582147,-1.1271784040662978
1710364843.7583487,-1.1989784240722656
1710364843.7584825,-1.1898721588982475
1710364843.7586162,-1.1033618450164795
1710364843.75875,-0.9447013007269965
1710364843.758884,-0.7293011744817098
1710364843.7590177,-0.4659176535076565
1710364843.7591515,-0.17556531561745536
1710364843.7592852,0.1277710414595074
1710364843.759419,0.4202820526229011
1710364843.759553,0.6851183705859714
1710364843.7596867,0.9089681175020006
1710364843.7598205,1.0767678419748943
1710364843.7599542,1.1790590816073947
1710364843.7600882,1.2084853649139404
1710364843.760222,1.1622440814971924
1710364843.7603557,1.0420868794123332
1710364843.7604895,0.8595740132861667
1710364843.7606232,0.6238136688868204
1710364843.7607572,0.3519710898399353
1710364843.760891,0.05735821194118924
1710364843.7610247,-0.23965997828377616
1710364843.7611585,-0.5195049775971307
1710364843.7612922,-0.7688787248399522
1710364843.7614262,-0.9723705715603298
1710364843.76156,-1.1194731129540336
1710364843.7616937,-1.2007297409905326
1710364843.7618275,-1.2091355853610568
1710364843.7619615,-1.1453910668690999
1710364843.7620952,-1.0129988855785794
1710364843.762229,-0.8207148975796169
1710364843.7623627,-0.5811479356553819
1710364843.7624965,-0.30830780665079754
1710364843.7626305,-0.01550377243094974
1710364843.7627642,0.277704828315311
1710364843.762898,0.5498977171050178
1710364843.7630317,0.787409676445855
1710364843.7631657,0.9748268789715236
1710364843.7632995,1.1002387603123982
1710364843.7634332,1.1541869905259874
1710364843.763567,1.1328177981906467
1710364843.7637007,1.0364819235271878
1710364843.7638347,0.8718349536259968
1710364843.7639685,0.6500871313942803
1710364843.7641022,0.38455016083187527
1710364843.764236,0.08923665516906314
1710364843.76437,-0.21654387315114337
1710364843.7645037,-0.5096981591648525
1710364843.7646375,-0.7762338717778523
1710364843.7647712,-1.0000398423936632
1710364843.764905,-1.1650048361884222
1710364843.765039,-1.2606214152442083
1710364843.7651727,-1.2784838676452637
1710364843.7653065,-1.214389271206326
1710364843.7654402,-1.0739413234922621
1710364843.765574,-0.8644953701231215
1710364843.765708,-0.6021626128090752
1710364843.7658417,-0.3013029363420274
1710364843.7659755,0.020225079109271366
1710364843.7661092,0.3400604592429267
1710364843.7662432,0.6360746092266506
1710364843.766377,0.891452497906155
1710364843.7665107,1.0907803641425238
1710364843.7666445,1.2210966481102836
1710364843.7667782,1.272592544555664
1710364843.7669122,1.2424657079908583
1710364843.767046,1.1307160059611003
1710364843.7671797,0.9471521774927775
1710364843.7673135,0.7043855720096164
1710364843.7674475,0.4185305039087931
1710364843.7675812,0.10570135381486681
1710364843.767715,-0.21409215198622808
1710364843.7678487,-0.5156522989273071
1710364843.7679825,-0.7818377680248684
1710364843.7681165,-0.9982885917027791
1710364843.7682502,-1.148893568250868
1710364843.768384,-1.224896510442098
1710364843.7685177,-1.219292614195082
1710364843.7686515,-1.133132643169827
1710364843.7687855,-0.9727207819620768
1710364843.7689192,-0.751366549068027
1710364843.769053,-0.48307958576414317
1710364843.7691867,-0.18467166357570225
1710364843.7693207,0.1260194761885537
1710364843.7694545,0.4262373844782511
1710364843.7695882,0.6987805498970879
1710364843.769722,0.9275346994400024
1710364843.7698557,1.0984872447119818
1710364843.7699897,1.202530066172282
1710364843.7701235,1.2302047676510282
1710364843.7702572,1.180460320578681
1710364843.770391,1.0560994015799627
1710364843.770525,0.8672808938556247
1710364843.7706587,0.62556525071462
1710364843.7707925,0.34636610084109837
1710364843.7709262,0.04544758548339208
1710364843.77106,-0.2568219270971086
1710364843.771194,-0.540869865152571
1710364843.7713277,-0.7912943760553995
1710364843.7714615,-0.9947861565483941
1710364843.7715952,-1.13838619656033
1710364843.771729,-1.2154399024115667
1710364843.771863,-1.220343377855089
1710364843.7719967,-1.151695516374376
1710364843.7721305,-1.0151003466712103
1710364843.7722642,-0.8203646209504869
1710364843.7723982,-0.5793966849644979
1710364843.772532,-0.3076073196199205
1710364843.7726657,-0.018655968209107716
1710364843.7727995,0.2682463990317451
1710364843.7729332,0.5344839559661018
1710364843.7730672,0.764289034737481
1710364843.773201,0.9443496995502048
1710364843.7733347,1.0634559392929077
1710364843.7734685,1.1114487383100722
1710364843.7736025,1.0851753420299954
1710364843.7737362,0.9863871998257107
1710364843.77387,0.8203390571806166
1710364843.7740037,0.5992917882071601
1710364843.7741375,0.3355063994725545
1710364843.7742715,0.0440463340944714
1710364843.7744052,-0.2564716835816701
1710364843.774539,-0.5443723003069559
1710364843.7746727,-0.8063548803329468
1710364843.7748067,-1.0263081391652424
1710364843.7749405,-1.1891716056399875
1710364843.7750742,-1.2840877638922796
1710364843.775208,-1.302650769551595
1710364843.7753417,-1.2427589628431532
1710364843.7754757,-1.1054633061091106
1710364843.7756095,-0.9023217360178629
1710364843.7757432,-0.6445421112908257
1710364843.775877,-0.347535146607293
1710364843.7760108,-0.029163290229108598
1710364843.7761447,0.29031607839796275
1710364843.7762785,0.5880818102094862
1710364843.7764122,0.8455615573459201
1710364843.776546,1.0494434833526611
1710364843.77668,1.1864157517751057
1710364843.7768137,1.2463190820482042
1710364843.7769475,1.2231985727945964
1710364843.7770813,1.1198563045925565
1710364843.777215,0.9432987372080485
1710364843.777349,0.7068377733230591
1710364843.7774827,0.42448580265045166
1710364843.7776165,0.11340822610590193
1710364843.7777503,-0.206386794646581
1710364843.7778842,-0.5089976721339755
1710364843.778018,-0.7797363069322374
1710364843.7781518,-1.0003900527954102
1710364843.7782855,-1.1569492022196453
1710364843.7784193,-1.23680485619439
1710364843.7785532,-1.235754092534383
1710364843.778687,-1.150294542312622
1710364843.7788208,-0.989182260301378
1710364843.7789545,-0.7643255922529433
1710364843.7790883,-0.4897342456711663
1710364843.7792222,-0.18362091647254095
1710364843.779356,0.13652885953585306
1710364843.7794898,0.4465555151303609
1710364843.7796235,0.7278564903471205
1710364843.7797575,0.9653684165742662
1710364843.7798913,1.1440278424157035
1710364843.780025,1.252624723646376
1710364843.7801588,1.283452245924208
1710364843.7802925,1.234408484564887
1710364843.7804265,1.107245021396213
1710364843.7805603,0.9159743785858154
1710364843.780694,0.6690039899614122
1710364843.7808278,0.38490047057469684
1710364843.7809618,0.07872728010018666
1710364843.7810955,-0.22985314329465228
1710364843.7812293,-0.5170532729890611
1710364843.781363,-0.7678280274073283
1710364843.7814968,-0.9716700845294528
1710364843.7816308,-1.1124682426452637
1710364843.7817645,-1.1846184730529785
1710364843.7818983,-1.1814663145277235
1710364843.782032,-1.1040623320473564
1710364843.7821658,-0.9590612517462836
1710364843.7822998,-0.7573207219441731
1710364843.7824335,-0.511449376742045
1710364843.7825673,-0.23405606547991434
1710364843.782701,0.05525633692741394
1710364843.782835,0.3393598397572835
1710364843.7829688,0.6006930271784464
1710364843.7831025,0.8252433935801188
1710364843.7832363,0.9972469011942545
1710364843.78337,1.1082959837383695
1710364843.783504,1.148932245042589
1710364843.7836378,1.1153022448221843
1710364843.7837715,1.0091574986775715
1710364843.7839053,0.8399565352333916
1710364843.7840393,0.6171577506595187
1710364843.784173,0.35337236192491317
1710364843.7843068,0.06471477862861422
1710364843.7844405,-0.2312541173564063
1710364843.7845743,-0.5139010813501146
1710364843.7847083,-0.7695792118708292
1710364843.784842,-0.981476902961731
1710364843.7849758,-1.140137513478597
1710364843.7851095,-1.232601934009128
1710364843.7852435,-1.2508145968119304
1710364843.7853773,-1.1937248706817627
1710364843.785511,-1.0634340180291069
1710364843.7856448,-0.8690485689375136
1710364843.7857785,-0.6214259730445014
1710364843.7859125,-0.33702780803044635
1710364843.7860463,-0.030564266360468335
1710364843.78618,0.2780551380581326
1710364843.7863138,0.5656617879867554
1710364843.7864475,0.8168358935250176
1710364843.7865815,1.0158134831322563
1710364843.7867153,1.1499831411573622
1710364843.786849,1.2095362610287137
1710364843.7869828,1.1888678868611653
1710364843.7871168,1.0897294018003676
1710364843.7872505,0.918426579899258
1710364843.7873843,0.6879208485285441
1710364843.787518,0.4108236233393351
1710364843.7876518,0.10535103579362233
1710364843.7877858,-0.21093996034728155
1710364843.7879195,-0.5132005943192376
1710364843.7880533,-0.7835890187157525
1710364843.788187,-1.0077451997333102
1710364843.788321,-1.1688574155171711
1710364843.7884548,-1.2564184930589464
1710364843.7885885,-1.2613219685024686
1710364843.7887223,-1.1832174989912245
1710364843.788856,-1.0273589028252494
1710364843.78899,-0.8049539062711928
1710364843.7891238,-0.5317635337511698
1710364843.7892575,-0.22354874345991346
1710364843.7893913,0.10009634825918409
1710364843.789525,0.41572799285252887
1710364843.789659,0.7047358486387465
1710364843.7897928,0.9496043788062202
1710364843.7899265,1.1363209618462455
1710364843.7900603,1.2519241703881157
1710364843.7901943,1.2887069914076064
1710364843.790328,1.2442172898186576
1710364843.7904618,1.1212575435638428
1710364843.7905955,0.9289359384112887
1710364843.7907293,0.6809145874447292
1710364843.7908633,0.3929576608869764
1710364843.790997,0.08188009262084961
1710364843.7911308,-0.2312541173564063
1710364843.7912645,-0.5244083868132697
1710364843.7913985,-0.7818377680248684
1710364843.7915323,-0.988832049899631
1710364843.791666,-1.131731669108073
1710364843.7917998,-1.2028311358557806
1710364843.7919335,-1.1965268188052707
1710364843.7920675,-1.1142194271087646
1710364843.7922013,-0.9625637531280518
1710364843.792335,-0.7534680101606581
1710364843.7924688,-0.4988405770725674
1710364843.7926025,-0.2172443601820204
1710364843.7927365,0.07767634259329902
1710364843.7928703,0.3652829925219218
1710364843.793004,0.6266161468293932
1710364843.7931378,0.8476634158028497
1710364843.7932718,1.0154631402757432
1710364843.7934055,1.1198563045925565
1710364843.7935393,1.153486304812961
1710364843.793673,1.1100475655661688
1710364843.7938068,0.9961959388520982
1710364843.7939408,0.8185874753528171
1710364843.7940745,0.587381190723843
1710364843.7942083,0.3176404701338874
1710364843.794342,0.02442882913682196
1710364843.794476,-0.27328340543640983
1710364843.7946098,-0.5555801259146796
1710364843.7947435,-0.8095070388582017
1710364843.7948773,-1.0207042429182265
1710364843.795011,-1.1748116546207004
1710364843.795145,-1.2634233633677165
1710364843.7952788,-1.2795346313052707
1710364843.7954125,-1.220693588256836
1710364843.7955463,-1.0907530784606934
1710364843.7956803,-0.8988193008634779
1710364843.795814,-0.6564503908157349
1710364843.7959478,-0.37695563501781887
1710364843.7960815,-0.076446243458324
1710364843.7962153,0.2258585724565718
1710364843.7963493,0.5089111460579766
1710364843.796483,0.7558815346823798
1710364843.7966168,0.9517062372631496
1710364843.7967505,1.0851753420299954
1710364843.7968843,1.14542908138699
1710364843.7970183,1.1272128423055012
1710364843.797152,1.0319278637568157
1710364843.7972858,0.8662299977408515
1710364843.7974195,0.6406286689970229
1710364843.7975535,0.3705376717779371
1710364843.7976873,0.07031978004508548
1710364843.797821,-0.2403604653146532
1710364843.7979548,-0.5380679170290629
1710364843.7980886,-0.8070553673638238
1710364843.7982225,-1.0312115483813815
1710364843.7983563,-1.1940750810835097
1710364843.79849,-1.2844379742940266
1710364843.7986238,-1.2938945823245578
1710364843.7987578,-1.220693588256836
1710364843.7988915,-1.069037914276123
1710364843.7990253,-0.8497851424747043
1710364843.799159,-0.5769450134701198
1710364843.7992928,-0.2673292491171095
1710364843.7994268,0.05875946333010991
1710364843.7995605,0.38174768288930255
1710364843.7996943,0.6774114900165134
1710364843.799828,0.9306875202390883
1710364843.7999618,1.125461260477702
1710364843.8000958,1.24947190284729
1710364843.8002295,1.2943119472927518
1710364843.8003633,1.256478230158488
1710364843.800497,1.137722200817532
1710364843.800631,0.9489037593205769
1710364843.8007648,0.7022837135526869
1710364843.8008986,0.4136261012819078
1710364843.8010323,0.10044665800200568
1710364843.801166,-0.21654387315114337
1710364843.8013,-0.5139010813501146
1710364843.8014338,-0.7751831743452284
1710364843.8015676,-0.985329614745246
1710364843.8017013,-1.1299803521898057
1710364843.8018353,-1.2003793981340196
1710364843.801969,-1.1926741070217557
1710364843.8021028,-1.1047628190782335
1710364843.8022366,-0.9457519981596205
1710364843.8023703,-0.7293011744817098
1710364843.8025043,-0.4666181405385335
1710364843.802638,-0.17556531561745536
1710364843.8027718,0.1260194761885537
1710364843.8029056,0.4188808136516147
1710364843.8030393,0.6844177511003282
1710364843.8031733,0.9072165356742011
1710364843.803307,1.0750162601470947
1710364843.8034408,1.1773074997795951
1710364843.8035746,1.2060332298278809
1710364843.8037086,1.1587410502963595
1710364843.8038423,1.0396346780988905
1710364843.803976,0.8560709158579508
1710364843.8041098,0.6210111909442477
1710364843.8042436,0.3491686118973626
1710364843.8043776,0.05525633692741394
1710364843.8045113,-0.2431624134381612
1710364843.804645,-0.5226571692360772
1710364843.8047788,-0.7720309495925903
1710364843.8049128,-0.9748222430547078
1710364843.8050466,-1.1222750610775418
1710364843.8051803,-1.2035316891140408
1710364843.805314,-1.2133385075463188
1710364843.8054478,-1.148893568250868
1710364843.8055818,-1.0168515311347113
1710364843.8057156,-0.823867056104872
1710364843.8058493,-0.585350857840644
1710364843.805983,-0.310759511258867
1710364843.806117,-0.01830572469366921
1710364843.8062508,0.27350107828776044
1710364843.8063846,0.5463945865631104
1710364843.8065183,0.7842568556467692
1710364843.806652,0.9730752971437242
1710364843.806786,1.0984872447119818
1710364843.8069198,1.153486304812961
1710364843.8070536,1.1324675877888997
1710364843.8071873,1.0389340586132474
1710364843.807321,0.8753381172815958
1710364843.807455,0.6542908483081393
1710364843.8075888,0.38945453034506905
1710364843.8077226,0.09519197046756744
1710364843.8078563,-0.20953898628552753
1710364843.8079903,-0.5023430122269524
1710364843.808124,-0.7681782378090752
1710364843.8082578,-0.991283721394009
1710364843.8083916,-1.1565989918178983
1710364843.8085253,-1.2525657812754314
1710364843.8086593,-1.2707784440782335
1710364843.808793,-1.2077346112993028
1710364843.8089268,-1.067636940214369
1710364843.8090606,-0.8592417505052354
1710364843.8091946,-0.5979596243964301
1710364843.8093283,-0.2981507447030809
1710364843.809462,0.023027579817507002
1710364843.8095958,0.34181204107072616
1710364843.8097296,0.637475848197937
1710364843.8098636,0.8925033940209283
1710364843.8099973,1.091831260257297
1710364843.810131,1.222147544225057
1710364843.8102648,1.2736435731252034
1710364843.8103986,1.2442172898186576
1710364843.8105326,1.1328177981906467
1710364843.8106663,0.9503049982918633
1710364843.8108,0.7085892889234755
1710364843.8109338,0.42273425393634373
1710364843.8110678,0.11095604134930505
1710364843.8112016,-0.20883849925465053
1710364843.8113353,-0.5096981591648525
1710364843.811469,-0.7758836613761054
1710364843.8116028,-0.991984208424886
1710364843.8117368,-1.142238908343845
1710364843.8118706,-1.217541429731581
1710364843.8120043,-1.2122877438863118
1710364843.812138,-1.1250770092010498
1710364843.812272,-0.9646652142206827
1710364843.8124058,-0.74331091509925
1710364843.8125396,-0.4746737413936191
1710364843.8126733,-0.1762658026483324
1710364843.812807,0.13477729426489934
1710364843.812941,0.43534550401899547
1710364843.8130748,0.7068377733230591
1710364843.8132086,0.9352415800094604
1710364843.8133423,1.1061941252814398
1710364843.813476,1.2088357077704535
1710364843.81361,1.2365104092491996
1710364843.8137438,1.1853647232055664
1710364843.8138776,1.0596024990081787
1710364843.8140113,0.8697330951690674
1710364843.8141453,0.6269664896859063
1710364843.814279,0.3460157910982768
1710364843.8144128,0.04439664797650443
1710364843.8145466,-0.2599741352929009
1710364843.8146803,-0.5440220567915175
1710364843.8148143,-0.7947968112097846
1710364843.814948,-0.9982885917027791
1710364843.8150818,-1.142939461602105
1710364843.8152156,-1.219292614195082
1710364843.8153496,-1.223145325978597
1710364843.8154833,-1.15379704369439
1710364843.815617,-1.0154505570729573
1710364843.8157508,-0.8203646209504869
1710364843.8158846,-0.5786961979336208
1710364843.8160186,-0.3062063455581665
1710364843.8161523,-0.016554505046870973
1710364843.816286,0.2710488935311635
1710364843.8164198,0.5369361572795444
1710364843.8165538,0.7663908931944106
1710364843.8166876,0.9457509385214912
1710364843.8168213,1.064156625005934
1710364843.816955,1.1117990811665852
1710364843.8170888,1.0851753420299954
1710364843.8172228,0.9842853413687812
1710364843.8173566,0.8189377519819472
1710364843.8174903,0.5975402063793606
1710364843.817624,0.3316529591878255
1710364843.8177578,0.04019289794895384
1710364843.8178918,-0.2603243788083394
1710364843.8180256,-0.548925499121348
1710364843.8181593,-0.8109080129199557
1710364843.818293,-1.0315618250105116
1710364843.818427,-1.1944252914852567
1710364843.8185608,-1.2896916601392958
1710364843.8186946,-1.309305297003852
1710364843.8188283,-1.2497638331519232
1710364843.818962,-1.1138692167070177
1710364843.819096,-0.9114280674192641
1710364843.8192298,-0.6557499037848579
1710364843.8193636,-0.3597937027613322
1710364843.8194973,-0.04212232099639045
1710364843.8196313,0.2759532630443573
1710364843.819765,0.5723177062140571
1710364843.8198988,0.8304980728361342
1710364843.8200326,1.0340297222137451
1710364843.8201663,1.1699509620666504
1710364843.8203003,1.229854424794515
1710364843.820434,1.2077848116556804
1710364843.8205678,1.1040922005971272
1710364843.8207016,0.9285855955547756
1710364843.8208354,0.6924749082989162
1710364843.8209693,0.4104733135965135
1710364843.821103,0.10044665800200568
1710364843.8212368,-0.2175946036974589
1710364843.8213706,-0.5205557081434462
1710364843.8215046,-0.7902436123953925
1710364843.8216383,-1.0101969374550712
1710364843.821772,-1.1664058102501762
1710364843.8219059,-1.2469618850284152
1710364843.8220396,-1.2452107005649142
1710364843.8221736,-1.1601013607449002
1710364843.8223073,-0.9993393553627862
1710364843.822441,-0.7744826873143513
1710364843.8225749,-0.5005917946497599
1710364843.8227088,-0.19412823849254185
1710364843.8228426,0.1253188567029105
1710364843.8229764,0.43639643324746025
1710364843.82311,0.718047751320733
1710364843.8232439,0.9555596775478786
1710364843.8233778,1.133868826760186
1710364843.8235116,1.2424657079908583
1710364843.8236454,1.2743441263834636
1710364843.823779,1.225650707880656
1710364843.8239129,1.1005891031689115
1710364843.8240469,0.9089681175020006
1710364843.8241806,0.6633989678488837
1710364843.8243144,0.37894517183303833
1710364843.824448,0.07382290230857001
1710364843.824582,-0.23370582196447584
1710364843.8247159,-0.5198552211125692
1710364843.8248496,-0.7723812262217203
1710364843.8249834,-0.9741217560238308
1710364843.825117,-1.1152701907687717
1710364843.825251,-1.1867198679182265
1710364843.8253849,-1.1832174989912245
1710364843.8255186,-1.1061637931399875
1710364843.8256524,-0.9611627790662978
1710364843.8257864,-0.7594221830368042
1710364843.82592,-0.512850350803799
1710364843.8260539,-0.23685801360342237
1710364843.8261876,0.053154461913638644
1710364843.8263214,0.337257981300354
1710364843.8264554,0.598941445350647
1710364843.826589,0.8231415351231892
1710364843.8267229,0.9954953193664551
1710364843.8268566,1.1058437824249268
1710364843.8269906,1.1468303203582764
1710364843.8271244,1.1132003201378715
1710364843.827258,1.0081066025627983
1710364843.8273919,0.8385552962621052
1710364843.8275256,0.6157565116882324
1710364843.8276596,0.3530220521820916
1710364843.8277934,0.06436446474658118
1710364843.827927,-0.2305536303255293
1710364843.8280609,-0.5135508378346761
1710364843.8281946,-0.7685285144382052
1710364843.8283286,-0.981827179590861
1710364843.8284624,-1.139787170622084
1710364843.828596,-1.233302354812622
1710364843.8287299,-1.2529159916771782
1710364843.8288639,-1.1958262655470107
1710364843.8289976,-1.065535479121738
1710364843.8291314,-0.8711500300301446
1710364843.829265,-0.6242279873953925
1710364843.8293989,-0.34088051981396145
1710364843.8295329,-0.033366220692793526
1710364843.8296666,0.27455202407307094
1710364843.8298004,0.5635599295298258
1710364843.8299341,0.8147340350680881
1710364843.830068,1.0158134831322563
1710364843.8302019,1.1506838268703885
1710364843.8303356,1.211287842856513
1710364843.8304694,1.1930716037750244
1710364843.8306031,1.0939331849416096
1710364843.830737,0.9247321552700466
1710364843.8308709,0.6949271096123589
1710364843.8310046,0.4192311233944363
1710364843.8311384,0.1120069788561927
1710364843.8312721,-0.2028843429353502
1710364843.831406,-0.505495203865899
1710364843.8315399,-0.7769343588087294
1710364843.8316736,-1.0024915801154242
1710364843.8318074,-1.1653550465901692
1710364843.8319414,-1.2536165449354384
1710364843.832075,-1.2602712048424614
1710364843.8322089,-1.1835677093929715
1710364843.8323426,-1.0287598768870037
1710364843.8324764,-0.8070553673638238
1710364843.8326104,-0.5338649948438009
1710364843.8327441,-0.2263506915834215
1710364843.8328779,0.09694353573852114
1710364843.8330116,0.41397644413842094
1710364843.8331456,0.7033346096674601
1710364843.8332794,0.9485534164640639
1710364843.8334131,1.1352700657314725
1710364843.8335469,1.2515738275316026
1710364843.8336806,1.288356648551093
1710364843.8338146,1.2442172898186576
1710364843.8339484,1.1202066474490695
1710364843.8340821,0.9275346994400024
1710364843.8342159,0.6791630718443129
1710364843.8343496,0.39050549268722534
1710364843.8344836,0.07837697035736507
1710364843.8346174,-0.23545703954166836
1710364843.8347511,-0.5286113421122233
1710364843.834885,-0.7867411772410074
1710364843.8350189,-0.9933851824866401
1710364843.8351526,-1.136284801695082
1710364843.8352864,-1.2063336372375488
1710364843.8354201,-1.1996789773305256
1710364843.835554,-1.1159706115722656
1710364843.8356879,-0.9639647271898057
1710364843.8358216,-0.7534680101606581
1710364843.8359554,-0.4981400900416904
1710364843.8360891,-0.2151428825325436
1710364843.8362231,0.08047884537114038
1710364843.8363569,0.3673848509788513
1710364843.8364906,0.6304695871141222
1710364843.8366244,0.8511665132310655
1710364843.8367581,1.0193165805604723
1710364843.8368921,1.1240600215064154
1710364843.837026,1.156639125612047
1710364843.8371596,1.114601559109158
1710364843.8372934,1.0003997219933403
1710364843.8374274,0.8224409156375461
1710364843.8375611,0.5922855271233453
1710364843.837695,0.3235957688755459
1710364843.8378286,0.030384144435326256
1710364843.8379624,-0.266278518570794
1710364843.8380964,-0.547874735461341
1710364843.8382301,-0.8007509840859307
1710364843.838364,-1.0108974244859483
1710364843.8384976,-1.1646544933319092
1710364843.8386314,-1.2525657812754314
1710364843.8387654,-1.2700780232747395
1710364843.8388991,-1.2112369802263048
1710364843.839033,-1.082347167862786
1710364843.8391666,-0.8911139435238308
1710364843.8393006,-0.6501460075378418
1710364843.8394344,-0.3720522258016798
1710364843.8395681,-0.0739945305718316
1710364843.839702,0.22690950168503654
1710364843.8398356,0.508560836315155
1710364843.8399696,0.7537796099980671
1710364843.8401034,0.9485534164640639
1710364843.8402371,1.0809716251161363
1710364843.840371,1.1401744683583577
1710364843.840505,1.1216078864203558
1710364843.8406386,1.026322841644287
1710364843.8407724,0.8602746327718098
1710364843.8409061,0.6353739897410074
1710364843.84104,0.36493264966540867
1710364843.841174,0.06366384112172656
1710364843.8413076,-0.24666484859254625
1710364843.8414414,-0.5447225438223945
1710364843.8415751,-0.8140602376725938
1710364843.841709,-1.0392671823501587
1710364843.841843,-1.2042321099175346
1710364843.8419766,-1.2952955563863118
1710364843.8421104,-1.306153138478597
1710364843.8422441,-1.233652565214369
1710364843.8423781,-1.0826974444919162
1710364843.842512,-0.8641451597213745
1710364843.8426456,-0.5923557281494141
1710364843.8427794,-0.2837907274564107
1710364843.8429132,0.04369602021243837
1710364843.8430471,0.36703454123602974
1710364843.843181,0.6637493107053969
1710364843.8433146,0.9180762370427449
1710364843.8434484,1.114601559109158
1710364843.8435824,1.2407141261630588
1710364843.8437161,1.2859045134650335
1710364843.84385,1.2484210067325168
1710364843.8439837,1.1307160059611003
1710364843.8441174,0.9418974982367622
1710364843.8442514,0.6956277290980021
1710364843.8443851,0.4073204927974277
1710364843.844519,0.0941410329606798
1710364843.8446527,-0.22389898697535196
1710364843.8447866,-0.5216064386897616
1710364843.8449204,-0.7832387420866225
1710364843.8450541,-0.9937354591157701
1710364843.845188,-1.13838619656033
1710364843.8453217,-1.2084350321027968
1710364843.8454556,-1.2003793981340196
1710364843.8455894,-1.1124682426452637
1710364843.8457232,-0.9527568684683906
1710364843.845857,-0.7352553473578559
1710364843.8459907,-0.4718717932701111
1710364843.8461246,-0.17976823780271742
1710364843.8462584,0.12356729143195681
1710364843.8463922,0.41677892208099365
1710364843.846526,0.6823158926433986
1710364843.84666,0.9061656395594279
1710364843.8467937,1.0750162601470947
1710364843.8469274,1.1769572893778484
1710364843.8470612,1.2063834402296278
1710364843.847195,1.1587410502963595
1710364843.847329,1.0389340586132474
1710364843.8474627,0.8557205730014377
1710364843.8475964,0.6199602286020914
1710364843.8477302,0.3474170300695631
1710364843.8478642,0.053154461913638644
1710364843.847998,-0.24491363101535374
1710364843.8481317,-0.5247586303287082
1710364843.8482654,-0.7741324106852213
1710364843.8483992,-0.9786749548382229
1710364843.8485332,-1.1250770092010498
1710364843.848667,-1.2066838476392958
1710364843.8488007,-1.216490666071574
1710364843.8489344,-1.15309649043613
1710364843.8490682,-1.0200037558873494
1710364843.8492022,-0.828770465321011
1710364843.849336,-0.5892035696241591
1710364843.8494697,-0.31636344061957467
1710364843.8496034,-0.023909629219108157
1710364843.8497374,0.2689470185173882
1710364843.8498712,0.5421908365355598
1710364843.850005,0.7793524530198839
1710364843.8501387,0.9674703412585788
1710364843.8502724,1.0946338044272528
1710364843.8504064,1.1503334840138753
1710364843.8505402,1.1307160059611003
1710364843.850674,1.0361315806706746
1710364843.8508077,0.8739368783103095
1710364843.8509417,0.6535902288224962
1710364843.8510754,0.38945453034506905
1710364843.8512092,0.09694353573852114
1710364843.851343,-0.20743752519289652
1710364843.8514767,-0.5002415511343214
1710364843.8516107,-0.7657265663146973
1710364843.8517444,-0.988832049899631
1710364843.8518782,-1.154147254096137
1710364843.852012,-1.2494136227501762
1710364843.8521457,-1.2676262855529785
1710364843.8522797,-1.2042321099175346
1710364843.8524134,-1.0637842284308539
1710364843.8525472,-0.8557393153508503
1710364843.852681,-0.5941069788402981
1710364843.852815,-0.2928970588578118
1710364843.8529487,0.02863258123397827
1710364843.8530824,0.3484679592980279
1710364843.8532162,0.6455330716239082
1710364843.85335,0.9016115797890557
1710364843.853484,1.1012897226545546
1710364843.8536177,1.2330072455936008
1710364843.8537514,1.2848534848954942
1710364843.8538852,1.2550769911872015
1710364843.8540192,1.1436774995591905
1710364843.854153,0.960814356803894
1710364843.8542867,0.7183980941772461
1710364843.8544204,0.4311417539914449
1710364843.8545542,0.11761197613345252
1710364843.8546882,-0.20428531699710423
1710364843.854822,-0.5061957240104675
1710364843.8549557,-0.7734319236543443
1710364843.8550894,-0.991283721394009
1710364843.8552234,-1.1439900928073459
1710364843.8553572,-1.219993167453342
1710364843.855491,-1.2154399024115667
1710364843.8556247,-1.1289297209845648
1710364843.8557584,-0.9681676493750678
1710364843.8558924,-0.7461128632227579
1710364843.8560262,-0.47747568951712716
1710364843.85616,-0.1780170202255249
1710364843.8562937,0.13442698452207777
1710364843.8564274,0.43604612350463867
1710364843.8565614,0.7089396317799886
1710364843.8566952,0.9383944008085463
1710364843.856829,1.1100475655661688
1710364843.8569627,1.2144406636555989
1710364843.8570967,1.242115365134345
1710364843.8572304,1.1927212609185112
1710364843.8573642,1.0673093795776367
1710364843.857498,0.8777903185950385
1710364843.8576317,0.6360746092266506
1710364843.8577657,0.35547422038184273
1710364843.8578994,0.05385508553849326
1710364843.8580332,-0.24911656975746155
1710364843.858167,-0.5317635337511698
1710364843.858301,-0.7828885316848755
1710364843.8584347,-0.986030101776123
1710364843.8585684,-1.1299803521898057
1710364843.8587022,-1.2059832943810356
1710364843.858836,-1.2094857957628038
1710364843.85897,-1.13908674981859
1710364843.8591037,-1.0017910930845473
1710364843.8592374,-0.8063548803329468
1710364843.8593712,-0.5657372209760878
1710364843.859505,-0.2939477894041273
1710364843.859639,-0.005346694443788793
1710364843.8597727,0.2808576491143968
1710364843.8599064,0.5460442768202888
1710364843.8600402,0.7740977737638686
1710364843.8601742,0.953107476234436
1710364843.860308,1.0694113042619493
1710364843.8604417,1.1160027980804443
1710364843.8605754,1.0890287823147244
1710364843.8607092,0.9877884387969971
1710364843.8608432,0.8217402961519029
1710364843.860977,0.5996421310636733
1710364843.8611107,0.3355063994725545
1710364843.8612444,0.04369602021243837
1710364843.8613784,-0.2564716835816701
1710364843.8615122,-0.5450727873378329
1710364843.861646,-0.8063548803329468
1710364843.8617797,-1.0270086261961195
1710364843.8619134,-1.1909227901034884
1710364843.8620474,-1.2858389483557806
1710364843.8621812,-1.306503348880344
1710364843.862315,-1.2480126486884222
1710364843.8624487,-1.1135188738505046
1710364843.8625824,-0.9121285544501411
1710364843.8627164,-0.6571508778466119
1710364843.8628502,-0.36364638143115574
1710364843.862984,-0.047375982006390885
1710364843.8631177,0.26964763800303143
1710364843.8632517,0.564260549015469
1710364843.8633854,0.8217402961519029
1710364843.8635192,1.0245712598164876
1710364843.863653,1.160842842525906
1710364843.8637867,1.2196954091389973
1710364843.8639207,1.1965747674306233
1710364843.8640544,1.0928822225994534
1710364843.8641882,0.9177259604136149
1710364843.864322,0.6816152731577555
1710364843.864456,0.40031423171361286
1710364843.8645897,0.09098822044001685
1710364843.8647234,-0.22705119517114428
1710364843.8648572,-0.5289615856276618
1710364843.864991,-0.7979490359624226
1710364843.865125,-1.0182525051964653
1710364843.8652587,-1.1734106805589464
1710364843.8653924,-1.2536165449354384
1710364843.8655262,-1.2515150176154242
1710364843.8656602,-1.1657052569919162
1710364843.865794,-1.0045930412080553
1710364843.8659277,-0.7790358199013604
1710364843.8660614,-0.504094229804145
1710364843.8661952,-0.19763069020377264
1710364843.8663292,0.12321698168913522
1710364843.866463,0.4339442319340176
1710364843.8665967,0.7166465123494467
1710364843.8667305,0.9545087814331055
1710364843.8668642,1.133518483903673
1710364843.8669982,1.242115365134345
1710364843.867132,1.2736435731252034
1710364843.8672657,1.2245998117658827
1710364843.8673995,1.099187864197625
1710364843.8675334,0.9072165356742011
1710364843.8676672,0.6612971093919542
1710364843.867801,0.37684328026241726
1710364843.8679347,0.07137071755197313
1710364843.8680685,-0.23720827367570665
1710364843.8682024,-0.5233576562669542
1710364843.8683362,-0.7748328977160983
1710364843.86847,-0.9776241911782159
1710364843.8686037,-1.1180721388922796
1710364843.8687377,-1.1888213952382405
1710364843.8688715,-1.1849686834547255
1710364843.8690052,-1.1072144905726116
1710364843.869139,-0.9611627790662978
1710364843.8692727,-0.7587216960059272
1710364843.8694067,-0.5117996202574836
1710364843.8695405,-0.23580728305710685
1710364843.8696742,0.05420539942052629
1710364843.869808,0.3393598397572835
1710364843.8699417,0.6003427505493164
1710364843.8700757,0.8238421546088325
1710364843.8702095,0.9965462817086114
1710364843.8703432,1.1058437824249268
1710364843.870477,1.145779424243503
1710364843.870611,1.1124997668796115
1710364843.8707447,1.006355020734999
1710364843.8708785,0.8361030949486626
1710364843.8710122,0.6122533480326334
1710364843.871146,0.348818302154541
1710364843.87128,0.06016071471903059
1710364843.8714137,-0.23545703954166836
1710364843.8715475,-0.5181040035353767
1710364843.8716812,-0.7730817132525973
1710364843.8718152,-0.986030101776123
1710364843.871949,-1.143289672003852
1710364843.8720827,-1.235053671730889
1710364843.8722165,-1.2539667553371854
1710364843.8723502,-1.1961764759487576
1710364843.8724842,-1.065535479121738
1710364843.872618,-0.8704495429992676
1710364843.8727517,-0.6235275003645155
1710364843.8728855,-0.3380785716904534
1710364843.8730192,-0.031614998976389565
1710364843.8731532,0.277704828315311
1710364843.873287,0.5674133698145548
1710364843.8734207,0.8199887143241035
1710364843.8735545,1.0207178195317586
1710364843.8736885,1.15698946846856
1710364843.8738222,1.2193450662824843
1710364843.873956,1.2011288272009955
1710364843.8740897,1.1047928200827704
1710364843.8742235,0.9359421994951036
1710364843.8743575,0.7075383928087022
1710364843.8744912,0.43254299296273124
1710364843.874625,0.12917229698763952
1710364843.8747587,-0.18607263763745627
1710364843.8748927,-0.48763278457853526
1710364843.8750265,-0.7587216960059272
1710364843.8751602,-0.982877877023485
1710364843.875294,-1.1457414097256131
1710364843.8754277,-1.234353118472629
1710364843.8755617,-1.2417081991831462
1710364843.8756955,-1.1664058102501762
1710364843.8758292,-1.0122983985477023
1710364843.875963,-0.7916446526845295
1710364843.876097,-0.5202054646280077
1710364843.8762307,-0.21374190847078958
1710364843.8763645,0.10920447607835133
1710364843.8764982,0.4251864221360948
1710364843.876632,0.7134936915503608
1710364843.876766,0.9576615360048082
1710364843.8768997,1.1447285281287298
1710364843.8770335,1.260331604215834
1710364843.8771672,1.2981654538048637
1710364843.877301,1.2536757522159152
1710364843.877435,1.1307160059611003
1710364843.8775687,0.9383944008085463
1710364843.8777025,0.6914240121841431
1710364843.8778362,0.4017155037985908
1710364843.8779702,0.09133853018283844
1710364843.878104,-0.22424923049079046
1710364843.8782377,-0.5170532729890611
1710364843.8783715,-0.7744826873143513
1710364843.8785052,-0.981476902961731
1710364843.8786392,-1.1254272196027968
1710364843.878773,-1.1965268188052707
1710364843.8789067,-1.1895218160417345
1710364843.8790405,-1.1065140035417345
1710364843.8791745,-0.9538076321283976
1710364843.8793082,-0.744361678759257
1710364843.879442,-0.4897342456711663
1710364843.8795757,-0.206386794646581
1710364843.8797095,0.08958697319030762
1710364843.8798435,0.377543932861752
1710364843.8799772,0.6388770871692233
1710364843.880111,0.860624975628323
1710364843.8802447,1.0287750429577298
1710364843.8803785,1.13316814104716
1710364843.8805125,1.1657472451527913
1710364843.8806462,1.1237096786499023
1710364843.88078,1.0091574986775715
1710364843.8809137,0.8315490351782905
1710364843.8810477,0.6006930271784464
1710364843.8811815,0.3327039215299818
1710364843.8813152,0.03984258406692081
1710364843.881449,-0.2564716835816701
1710364843.8815827,-0.5380679170290629
1710364843.8817167,-0.7902436123953925
1710364843.8818505,-0.9986388683319092
1710364843.8819842,-1.152045726776123
1710364843.882118,-1.2396068043178983
1710364843.882252,-1.2543169657389324
1710364843.8823857,-1.1958262655470107
1710364843.8825195,-1.066235966152615
1710364843.8826532,-0.8750026755862765
1710364843.882787,-0.6333343187967936
1710364843.882921,-0.3555907474623786
1710364843.8830547,-0.057182816995514765
1710364843.8831885,0.24267357256677416
1710364843.8833222,0.5225733253690932
1710364843.883456,0.7667412360509236
1710364843.88359,0.960814356803894
1710364843.8837237,1.091480983628167
1710364843.8838575,1.149632798300849
1710364843.8839912,1.1310663488176134
1710364843.8841252,1.0343799988428752
1710364843.884259,0.8672808938556247
1710364843.8843927,0.6423802508248223
1710364843.8845265,0.3712382912635803
1710364843.8846602,0.07102040780915155
1710364843.8847942,-0.23965997828377616
1710364843.884928,-0.5377176735136244
1710364843.8850617,-0.8077558543947008
1710364843.8851955,-1.0326125224431355
1710364843.8853295,-1.1965268188052707
1710364843.8854632,-1.2893414497375488
1710364843.885597,-1.301249795489841
1710364843.8857307,-1.2297999858856201
1710364843.8858645,-1.080946193801032
1710364843.8859985,-0.8634446726904975
1710364843.8861322,-0.5930562151802911
1710364843.886266,-0.28624243206448025
1710364843.8863997,0.03949227018488778
1710364843.8865337,0.3617798619800144
1710364843.8866675,0.6574436691072252
1710364843.8868012,0.9114203188154433
1710364843.886935,1.107245021396213
1710364843.8870687,1.2323066923353407
1710364843.8872027,1.2785478432973225
1710364843.8873365,1.242115365134345
1710364843.8874702,1.125461260477702
1710364843.887604,0.9380440579520332
1710364843.8877378,0.6931755940119425
1710364843.8878717,0.4055689109696282
1710364843.8880055,0.09309009545379214
1710364843.8881392,-0.22319849994447497
1710364843.888273,-0.5198552211125692
1710364843.888407,-0.7818377680248684
1710364843.8885407,-0.990583234363132
1710364843.8886745,-1.136284801695082
1710364843.8888083,-1.2070340580410428
1710364843.888942,-1.1986282136705186
1710364843.889076,-1.1107169919543796
1710364843.8892097,-0.9520563814375136
1710364843.8893435,-0.7345548603269789
1710364843.8894773,-0.4715215497546726
1710364843.8896112,-0.17976823780271742
1710364843.889745,0.12321698168913522
1710364843.8898787,0.41677892208099365
1710364843.8900125,0.6823158926433986
1710364843.8901463,0.9065159161885579
1710364843.8902802,1.0739653640323215
1710364843.890414,1.176256603664822
1710364843.8905478,1.2049822012583415
1710364843.8906815,1.1587410502963595
1710364843.8908153,1.0382334391276042
1710364843.8909492,0.8546696768866645
1710364843.891083,0.6192596091164483
1710364843.8912168,0.34671641058391994
1710364843.8913505,0.05070227301783032
1710364843.8914845,-0.24701509210798475
1710364843.8916183,-0.5268600914213393
1710364843.891752,-0.7769343588087294
1710364843.8918858,-0.980776415930854
1710364843.8920195,-1.1275286144680448
1710364843.8921535,-1.2087852425045438
1710364843.8922873,-1.218592193391588
1710364843.892421,-1.154497464497884
1710364843.8925548,-1.0228057040108574
1710364843.8926888,-0.8305217160118951
1710364843.8928225,-0.5916552411185371
1710364843.8929563,-0.31881514522764415
1710364843.89309,-0.02671158355143335
1710364843.8932238,0.2657941977183024
1710364843.8933578,0.5390380157364739
1710364843.8934915,0.7765499750773112
1710364843.8936253,0.9650181399451362
1710364843.893759,1.091130640771654
1710364843.8938928,1.1464801099565294
1710364843.8940268,1.1272128423055012
1710364843.8941605,1.0322781403859456
1710364843.8942943,0.8697330951690674
1710364843.894428,0.6507877508799235
1710364843.894562,0.38665205240249634
1710364843.8946958,0.09379072321785821
1710364843.8948295,-0.20953898628552753
1710364843.8949633,-0.5009420381651984
1710364843.895097,-0.7664270533455743
1710364843.895231,-0.988481773270501
1710364843.8953648,-1.15309649043613
1710364843.8954985,-1.2480126486884222
1710364843.8956323,-1.2665755218929715
1710364843.8957663,-1.2028311358557806
1710364843.8959,-1.0620330439673529
1710364843.8960338,-0.8539880646599664
1710364843.8961675,-0.5913050307167901
1710364843.8963013,-0.2914960847960578
1710364843.8964353,0.030734456247753568
1710364843.896569,0.3509201606114705
1710364843.8967028,0.6472845872243246
1710364843.8968365,0.9040637148751153
1710364843.8969705,1.1040922005971272
1710364843.8971043,1.2358097235361736
1710364843.897238,1.2890573342641194
1710364843.8973718,1.2596310509575737
1710364843.8975055,1.149632798300849
1710364843.8976395,0.9671199984020656
1710364843.8977733,0.7247036695480347
1710364843.897907,0.4395492540465461
1710364843.8980408,0.1260194761885537
1710364843.8981745,-0.19517898559570312
1710364843.8983085,-0.4977898465262519
1710364843.8984423,-0.7657265663146973
1710364843.898576,-0.983228153652615
1710364843.8987098,-1.135934591293335
1710364843.8988438,-1.2133385075463188
1710364843.8989775,-1.2091355853610568
1710364843.8991113,-1.1233256922827826
1710364843.899245,-0.9636144505606757
1710364843.8993788,-0.742260217666626
1710364843.8995128,-0.4732727673318651
1710364843.8996465,-0.17381409804026285
1710364843.8997803,0.13898104429244995
1710364843.899914,0.44024987353218925
1710364843.900048,0.7138440344068739
1710364843.9001818,0.9429484605789185
1710364843.9003155,1.1153022448221843
1710364843.9004493,1.2196954091389973
1710364843.900583,1.2473701106177435
1710364843.900717,1.1972753206888835
1710364843.9008508,1.0708125432332356
1710364843.9009845,0.8809431393941243
1710364843.9011183,0.637475848197937
1710364843.901252,0.35827673143810695
1710364843.901386,0.056307274434301585
1710364843.9015198,-0.24771559569570753
1710364843.9016535,-0.5324640207820468
1710364843.9017873,-0.7821880446539985
1710364843.9019213,-0.986730588807
1710364843.902055,-1.1289297209845648
1710364843.9021888,-1.2052828735775418
1710364843.9023225,-1.2080848217010498
1710364843.9024563,-1.136635012096829
1710364843.9025903,-0.9982885917027791
1710364843.902724,-0.8021519581476847
1710364843.9028578,-0.5615342987908257
1710364843.9029915,-0.28764340612623424
1710364843.9031255,0.0013081985525786877
1710364843.9032593,0.28751356734169853
1710364843.903393,0.5512989560763041
1710364843.9035268,0.779702795876397
1710364843.9036605,0.9580118788613213
1710364843.9037945,1.0736150211758084
1710364843.9039283,1.1195059617360432
1710364843.904062,1.0907803641425238
1710364843.9041958,0.9891896777682834
1710364843.9043295,0.8224409156375461
1710364843.9044635,0.5999924076928033
1710364843.9045973,0.33515608972973293
1710364843.904731,0.043345710469616786
1710364843.9048648,-0.2564716835816701
1710364843.9049988,-0.5443723003069559
1710364843.9051325,-0.8053041166729397
1710364843.9052663,-1.0242066780726116
1710364843.9054,-1.1874204211764865
1710364843.9055338,-1.2823365794287787
1710364843.9056678,-1.301600005891588
1710364843.9058015,-1.2427589628431532
1710364843.9059353,-1.1086155308617485
1710364843.906069,-0.907925632264879
1710364843.906203,-0.6536484426922268
1710364843.9063368,-0.3601439462767707
1710364843.9064705,-0.045274516774548426
1710364843.9066043,0.2710488935311635
1710364843.906738,0.5649611685011122
1710364843.906872,0.8206893338097466
1710364843.9070058,1.022469401359558
1710364843.9071395,1.15698946846856
1710364843.9072733,1.2147910065121121
1710364843.9074073,1.1920207076602511
1710364843.907541,1.0872772004869249
1710364843.9076748,0.9114203188154433
1710364843.9078085,0.6753096315595839
1710364843.9079423,0.39400862322913277
1710364843.9080763,0.0839819676346249
1710364843.90821,-0.23405606547991434
1710364843.9083438,-0.5363166994518703
1710364843.9084775,-0.8056543933020698
1710364843.9086113,-1.0263081391652424
1710364843.9087453,-1.1828672885894775
1710364843.908879,-1.2634233633677165
1710364843.9090128,-1.2616721789042156
1710364843.9091465,-1.1762126286824544
1710364843.9092805,-1.0143998596403334
1710364843.9094143,-0.7895431253645155
1710364843.909548,-0.5142513248655531
1710364843.9096818,-0.20743752519289652
1710364843.9098155,0.11410885386996798
1710364843.9099495,0.425887041621738
1710364843.9100833,0.7089396317799886
1710364843.910217,0.9471521774927775
1710364843.9103508,1.1272128423055012
1710364843.9104848,1.2365104092491996
1710364843.9106185,1.2690895133548312
1710364843.9107523,1.2210966481102836
1710364843.910886,1.095684700542026
1710364843.9110198,0.9051146772172716
1710364843.9111538,0.6591952509350246
1710364843.9112875,0.37474142180548775
1710364843.9114213,0.06856821477413177
1710364843.911555,-0.23860924773746067
1710364843.9116888,-0.5261596043904623
1710364843.9118228,-0.7779851224687364
1710364843.9119565,-0.980776415930854
1710364843.9120903,-1.1222750610775418
1710364843.912224,-1.1930243174235027
1710364843.912358,-1.1891716056399875
1710364843.9124918,-1.1110672023561265
1710364843.9126256,-0.9657159116533067
1710364843.9127593,-0.7622241311603122
1710364843.912893,-0.5149518118964301
1710364843.913027,-0.23755851719114515
1710364843.9131608,0.05245383828878403
1710364843.9132946,0.3376082910431756
1710364843.9134283,0.5992917882071601
1710364843.9135623,0.8231415351231892
1710364843.913696,0.995145042737325
1710364843.9138298,1.1047928200827704
1710364843.9139636,1.1447285281287298
1710364843.9140973,1.1114487383100722
1710364843.9142313,1.0053040583928425
1710364843.914365,0.8343515131208632
1710364843.9144988,0.6112023856904771
1710364843.9146326,0.3474170300695631
1710364843.9147663,0.05875946333010991
1710364843.9149003,-0.23720827367570665
1710364843.915034,-0.5198552211125692
1710364843.9151678,-0.7748328977160983
1710364843.9153016,-0.988481773270501
1710364843.9154356,-1.1457414097256131
1710364843.9155693,-1.2382058302561443
1710364843.915703,-1.2574692567189534
1710364843.9158368,-1.2003793981340196
1710364843.9159706,-1.069738401307
1710364843.9161046,-0.8764037158754137
1710364843.9162383,-0.6305323706732856
1710364843.916372,-0.344733198483785
1710364843.9165058,-0.03861988170279397
1710364843.9166398,0.269997947745853
1710364843.9167736,0.5597064892450968
1710364843.9169073,0.8119315571255153
1710364843.917041,1.0119600428475273
1710364843.9171748,1.148932245042589
1710364843.9173088,1.211287842856513
1710364843.9174426,1.1934219466315374
1710364843.9175763,1.0970860057406955
1710364843.91771,0.9296365578969319
1710364843.917844,0.7008824083540175
1710364843.9179778,0.4272883137067159
1710364843.9181116,0.1239176011747784
1710364843.9182453,-0.1913262903690338
1710364843.918379,-0.49253619379467434
1710364843.918513,-0.7636251052220662
1710364843.9186468,-0.987781286239624
1710364843.9187806,-1.150294542312622
1710364843.9189143,-1.2392565939161513
1710364843.919048,-1.2462614642249212
1710364843.919182,-1.1699081791771782
1710364843.9193158,-1.0158008337020874
1710364843.9194496,-0.7944466008080376
1710364843.9195833,-0.5226571692360772
1710364843.9197173,-0.2151428825325436
1710364843.919851,0.10885416633552975
1710364843.9199848,0.42483611239327324
1710364843.9201186,0.7152452733781602
1710364843.9202523,0.9611646996604072
1710364843.9203863,1.148932245042589
1710364843.92052,1.2655863496992323
1710364843.9206538,1.3030697239769828
1710364843.9207876,1.2596310509575737
1710364843.9209216,1.1366713047027588
1710364843.9210553,0.9443496995502048
1710364843.921189,0.6959780719545152
1710364843.9213228,0.4069701830546061
1710364843.9214566,0.09554228848881191
1710364843.9215906,-0.2196960647900899
1710364843.9217243,-0.5142513248655531
1710364843.921858,-0.7723812262217203
1710364843.9219918,-0.9797256522708468
1710364843.9221256,-1.1236760351392958
1710364843.9222596,-1.1951258447435167
1710364843.9223933,-1.1888213952382405
1710364843.922527,-1.1051130294799805
1710364843.9226608,-0.9517061710357666
1710364843.9227948,-0.741559730635749
1710364843.9229286,-0.48693229754765827
1710364843.9230623,-0.2028843429353502
1710364843.923196,0.09273978571097057
1710364843.9233298,0.38069672054714626
1710364843.9234638,0.6420299079683092
1710364843.9235976,0.8637777964274088
1710364843.9237313,1.0315775209003024
1710364843.923865,1.1359706189897325
1710364843.923999,1.1678491698371039
1710364843.9241328,1.1247607072194417
1710364843.9242666,1.0088072220484416
1710364843.9244003,0.8304980728361342
1710364843.924534,0.5996421310636733
1710364843.924668,0.3292007909880744
1710364843.9248018,0.037390395171112485
1710364843.9249356,-0.26137510935465497
1710364843.9250693,-0.542270839214325
1710364843.925203,-0.7944466008080376
1710364843.925337,-1.0028417905171711
1710364843.9254708,-1.1551980177561443
1710364843.9256046,-1.2424087524414062
1710364843.9257383,-1.2581696775224473
1710364843.9258723,-1.1979277928670247
1710364843.926006,-1.068337427245246
1710364843.9261398,-0.8757032288445367
1710364843.9262736,-0.6350855032602946
1710364843.9264073,-0.3569917215241326
1710364843.9265413,-0.058583791057268776
1710364843.926675,0.24127231703864202
1710364843.9268088,0.5222230156262716
1710364843.9269426,0.7663908931944106
1710364843.9270766,0.9615149762895372
1710364843.9272103,1.0921816031138103
1710364843.927344,1.1513843801286485
1710364843.9274778,1.1310663488176134
1710364843.9276116,1.0368322001563177
1710364843.9277456,0.8711343341403537
1710364843.9278793,0.6462336911095513
1710364843.928013,0.3757923510339525
1710364843.9281468,0.07522415783670214
1710364843.9282808,-0.23510679602622986
1710364843.9284146,-0.5331645078129238
1710364843.9285483,-0.8028524451785617
1710364843.928682,-1.0291100872887504
1710364843.9288158,-1.1937248706817627
1710364843.9289498,-1.2868897120157878
1710364843.9290836,-1.300899452633328
1710364843.9292173,-1.231551170349121
1710364843.929351,-1.0833979315227933
1710364843.9294848,-0.8683480819066365
1710364843.9296188,-0.5993605984581841
1710364843.9297526,-0.2932473023732503
1710364843.9298863,0.030734456247753568
1710364843.93002,0.3519710898399353
1710364843.930154,0.6476349300808376
1710364843.9302878,0.9009108940760294
1710364843.9304216,1.095684700542026
1710364843.9305553,1.2207463052537706
1710364843.930689,1.2666372458140056
1710364843.930823,1.2305551105075412
1710364843.9309568,1.114251348707411
1710364843.9310906,0.9271843565834893
1710364843.9312243,0.6826661692725288
1710364843.9313583,0.3957601719432407
1710364843.931492,0.08328134814898173
1710364843.9316258,-0.23195460438728333
1710364843.9317596,-0.5282610985967848
1710364843.9318933,-0.7888426383336384
1710364843.9320273,-0.9975881046719021
1710364843.932161,-1.142238908343845
1710364843.9322948,-1.2112369802263048
1710364843.9324286,-1.2024809254540336
1710364843.9325624,-1.1135188738505046
1710364843.9326963,-0.9531071450975206
1710364843.93283,-0.7345548603269789
1710364843.9329638,-0.47047081920835704
1710364843.9330976,-0.1776667767100864
1710364843.9332316,0.1263697942097982
1710364843.9333653,0.4195814331372579
1710364843.933499,0.6861693329281277
1710364843.9336329,0.9103693564732869
1710364843.9337666,1.0781690809461806
1710364843.9339006,1.180110110176934
1710364843.9340343,1.2081350220574272
1710364843.934168,1.1601422892676458
1710364843.9343019,1.0389340586132474
1710364843.9344358,0.8546696768866645
1710364843.9345696,0.617858370145162
1710364843.9347034,0.3439138995276557
1710364843.934837,0.04860039800405502
1710364843.9349709,-0.24946681327290005
1710364843.9351048,-0.5307128032048544
1710364843.9352386,-0.7800865835613674
1710364843.9353724,-0.9842788510852389
1710364843.935506,-1.1310311158498128
1710364843.9356399,-1.2115871906280518
1710364843.9357738,-1.221394141515096
1710364843.9359076,-1.1565989918178983
1710364843.9360414,-1.0238564676708646
1710364843.936175,-0.831922690073649
1710364843.936309,-0.5927060047785441
1710364843.9364429,-0.3195156322585212
1710364843.9365766,-0.027061827066871855
1710364843.9367104,0.2650935782326592
1710364843.936844,0.5369361572795444
1710364843.936978,0.7733971542782253
1710364843.9371119,0.960814356803894
1710364843.9372456,1.0865765810012817
1710364843.9373794,1.140875021616618
1710364843.9375134,1.1202066474490695
1710364843.937647,1.0242209831873577
1710364843.9377809,0.860624975628323
1710364843.9379146,0.6406286689970229
1710364843.9380484,0.3754420412911309
1710364843.9381824,0.08188009262084961
1710364843.938316,-0.22144728236728245
1710364843.9384499,-0.5135508378346761
1710364843.9385836,-0.7790358199013604
1710364843.9387176,-1.0014408164554172
1710364843.9388514,-1.1653550465901692
1710364843.938985,-1.2602712048424614
1710364843.9391189,-1.2777834468417697
1710364843.9392526,-1.2140389283498128
1710364843.9393866,-1.071489651997884
1710364843.9395204,-0.8637948830922444
1710364843.939654,-0.6004113621181911
1710364843.9397879,-0.29885123173395794
1710364843.9399216,0.02372820344236162
1710364843.9400556,0.34461451901329887
1710364843.9401894,0.6423802508248223
1710364843.940323,0.8995096551047431
1710364843.9404569,1.1012897226545546
1710364843.9405909,1.234058141708374
1710364843.9407246,1.28800630569458
1710364843.9408584,1.2589303652445476
1710364843.940992,1.149632798300849
1710364843.9411259,0.9674703412585788
1710364843.9412599,0.725754631890191
1710364843.9413936,0.4398995637893677
1710364843.9415274,0.12707042197386423
1710364843.9416611,-0.19342775146166483
1710364843.941795,-0.49638887246449787
1710364843.9419289,-0.7643255922529433
1710364843.9420626,-0.982177389992608
1710364843.9421964,-1.1341832743750677
1710364843.9423301,-1.2119375334845648
1710364843.942464,-1.2084350321027968
1710364843.9425979,-1.1222750610775418
1710364843.9427316,-0.9615129894680446
1710364843.9428654,-0.740158756573995
1710364843.9429991,-0.4711713062392341
1710364843.943133,-0.17171262039078605
1710364843.9432669,0.1400319900777605
1710364843.9434006,0.44130080276065403
1710364843.9435344,0.7145446538925171
1710364843.9436684,0.9446999761793349
1710364843.943802,1.1167034837934706
1710364843.9439359,1.2196954091389973
1710364843.9440696,1.2470197677612305
1710364843.9442034,1.1965747674306233
1710364843.9443374,1.072213782204522
1710364843.9444711,0.8816437588797675
1710364843.9446049,0.6392274300257365
1710364843.9447386,0.35862704118092853
1710364843.9448726,0.05700790219836765
1710364843.9450064,-0.24631460507710773
1710364843.9451401,-0.5296620726585388
1710364843.9452739,-0.7797363069322374
1710364843.9454076,-0.981476902961731
1710364843.9455416,-1.1243764559427898
1710364843.9456754,-1.2003793981340196
1710364843.9458091,-1.2028311358557806
1710364843.9459429,-1.1310311158498128
1710364843.9460769,-0.9933851824866401
1710364843.9462106,-0.7972485489315456
1710364843.9463444,-0.5562806129455566
1710364843.9464781,-0.2841409709718492
1710364843.946612,0.003760386672284868
1710364843.9467459,0.289265149169498
1710364843.9468796,0.5523498853047689
1710364843.9470134,0.7790021763907539
1710364843.9471471,0.956960916519165
1710364843.947281,1.072213782204522
1710364843.9474149,1.117754379908244
1710364843.9475486,1.0890287823147244
1710364843.9476824,0.9877884387969971
1710364843.9478161,0.8210396766662598
1710364843.9479501,0.598591168721517
1710364843.9480839,0.3355063994725545
1710364843.9482176,0.04474695771932602
1710364843.9483514,-0.25366973545816207
1710364843.9484851,-0.540869865152571
1710364843.9486191,-0.8011011944876777
1710364843.9487529,-1.0189529922273424
1710364843.9488866,-1.1811159716712103
1710364843.9490204,-1.2767326831817627
1710364843.9491544,-1.2966965304480658
1710364843.9492881,-1.2378556198543973
1710364843.949422,-1.1037120554182265
1710364843.9495556,-0.9026720126469929
1710364843.9496894,-0.6494455205069648
1710364843.9498234,-0.3576922085550096
1710364843.9499571,-0.042822808027267456
1710364843.950091,0.2717495130168067
1710364843.9502246,0.5663624074723985
1710364843.9503584,0.8217402961519029
1710364843.9504924,1.0228196779886882
1710364843.9506261,1.1576900217268202
1710364843.95076,1.2158419026268852
1710364843.9508936,1.1930716037750244
1710364843.9510276,1.0883281628290813
1710364843.9511614,0.9128215577867296
1710364843.9512951,0.6774114900165134
1710364843.951429,0.3950595524575975
1710364843.9515626,0.0839819676346249
1710364843.9516966,-0.23405606547991434
1710364843.9518304,-0.5363166994518703
1710364843.9519641,-0.8074055777655708
1710364843.952098,-1.0291100872887504
1710364843.952232,-1.1863696575164795
1710364843.9523656,-1.2679764959547255
1710364843.9524994,-1.2679764959547255
1710364843.9526331,-1.1842682626512315
1710364843.952767,-1.0238564676708646
1710364843.952901,-0.7997002204259236
1710364843.9530346,-0.5251088738441467
1710364843.9531684,-0.2189955777592129
1710364843.9533021,0.10219822327295938
1710364843.953436,0.4136261012819078
1710364843.95357,0.6970289680692885
1710364843.9537036,0.9355918566385905
1710364843.9538374,1.1160027980804443
1710364843.9539711,1.226001050737169
1710364843.9541051,1.2589303652445476
1710364843.954239,1.2116381857130263
1710364843.9543726,1.0865765810012817
1710364843.9545064,0.8956562148200141
1710364843.9546402,0.6504374080234103
1710364843.9547741,0.3666842314932081
1710364843.954908,0.060861338343885206
1710364843.9550416,-0.24596436156166923
1710364843.9551754,-0.5328142642974854
1710364843.9553094,-0.7846397161483765
1710364843.9554431,-0.986730588807
1710364843.955577,-1.1264779832628038
1710364843.9557106,-1.1968770292070177
1710364843.9558444,-1.1926741070217557
1710364843.9559784,-1.1138692167070177
1710364843.9561121,-0.9671168857150607
1710364843.956246,-0.7636251052220662
1710364843.9563797,-0.5156522989273071
1710364843.9565136,-0.23930973476833767
1710364843.9566474,0.05105258689986335
1710364843.9567811,0.33515608972973293
1710364843.956915,0.5964893102645874
1710364843.9570487,0.8199887143241035
1710364843.9571826,0.991291602452596
1710364843.9573164,1.1012897226545546
1710364843.9574502,1.1401744683583577
1710364843.957584,1.1058437824249268
1710364843.9577177,0.998998483022054
1710364843.9578516,0.8283962143792046
1710364843.9579854,0.6045464674631754
1710364843.9581192,0.3414617313279046
1710364843.958253,0.05245383828878403
1710364843.958387,-0.2431624134381612
1710364843.9585207,-0.5254591173595852
1710364843.9586544,-0.7804367939631144
1710364843.9587882,-0.9933851824866401
1710364843.958922,-1.150995095570882
1710364843.959056,-1.2431091732449002
1710364843.9591897,-1.2620223893059623
1710364843.9593234,-1.2052828735775418
1710364843.9594572,-1.0753422975540161
1710364843.9595912,-0.8813071250915527
1710364843.959725,-0.6350855032602946
1710364843.9598587,-0.35068733824623954
1710364843.9599924,-0.04387354271279441
1710364843.9601262,0.26474326848983765
1710364843.9602602,0.5534008476469252
1710364843.960394,0.8066768116421169
1710364843.9605277,1.0074059830771551
1710364843.9606614,1.1440278424157035
1710364843.9607952,1.2070841259426541
1710364843.9609292,1.1902691258324516
1710364843.961063,1.0935828420850966
1710364843.9611967,0.926133460468716
1710364843.9613304,0.6984302732679579
1710364843.9614644,0.42483611239327324
1710364843.9615982,0.12146541641818152
1710364843.961732,-0.19307750794622633
1710364843.9618657,-0.4939371678564283
1710364843.9619994,-0.7646758026546902
1710364843.9621334,-0.988481773270501
1710364843.9622672,-1.150995095570882
1710364843.962401,-1.2392565939161513
1710364843.9625347,-1.2462614642249212
1710364843.9626687,-1.1699081791771782
1710364843.9628024,-1.0151003466712103
1710364843.9629362,-0.7937461137771606
1710364843.96307,-0.5205557081434462
1710364843.9632037,-0.21164044737815857
1710364843.9633377,0.11270759834183587
1710364843.9634714,0.43044113450580174
1710364843.9636052,0.7208502292633057
1710364843.963739,0.9681709607442219
1710364843.9638727,1.156288782755534
1710364843.9640067,1.2732932302686903
1710364843.9641404,1.3121778435177274
1710364843.9642742,1.268388827641805
1710364843.964408,1.1461297671000164
1710364843.964542,0.9541584385765923
1710364843.9646757,0.7050861914952596
1710364843.9648094,0.41607830259535045
1710364843.9649432,0.10289885103702545
1710364843.965077,-0.2130414214399126
1710364843.965211,-0.5075966980722215
1710364843.9653447,-0.7674777507781982
1710364843.9654784,-0.9755227300855849
1710364843.9656122,-1.1201735337575276
1710364843.9657462,-1.1916233433617485
1710364843.96588,-1.1853188938564725
1710364843.9660137,-1.1023110813564725
1710364843.9661474,-0.9489042229122585
1710364843.9662812,-0.7384075058831109
1710364843.9664152,-0.48342982927958167
1710364843.966549,-0.19938190778096515
1710364843.9666827,0.09659322599569956
1710364843.9668164,0.3841998510890537
1710364843.9669504,0.6462336911095513
1710364843.9670842,0.8669306172264947
1710364843.967218,1.0350806183285184
1710364843.9673517,1.1384228865305583
1710364843.9674854,1.1703013049231634
1710364843.9676194,1.1265122890472412
1710364843.9677532,1.010909080505371
1710364843.967887,0.8315490351782905
1710364843.9680207,0.6003427505493164
1710364843.9681544,0.33095233970218235
1710364843.9682884,0.03844133267800013
1710364843.9684222,-0.25892340474658543
1710364843.968556,-0.5398191346062554
1710364843.9686897,-0.7923451397154067
1710364843.9688237,-1.0003900527954102
1710364843.9689574,-1.15309649043613
1710364843.9690912,-1.2399570147196453
1710364843.969225,-1.2550175189971924
1710364843.9693587,-1.1958262655470107
1710364843.9694927,-1.065885755750868
1710364843.9696264,-0.8750026755862765
1710364843.9697602,-0.6340348058276706
1710364843.969894,-0.3573419650395711
1710364843.970028,-0.05963452574279573
1710364843.9701617,0.23917044202486673
1710364843.9702954,0.5197708143128289
1710364843.9704292,0.7632380723953247
1710364843.970563,0.9573112593756782
1710364843.970697,1.087977819972568
1710364843.9708307,1.1468303203582764
1710364843.9709644,1.1293147669898138
1710364843.9710982,1.0340297222137451
1710364843.971232,0.8686821990542941
1710364843.971366,0.644832452138265
1710364843.9714997,0.3754420412911309
1710364843.9716334,0.07662540508641137
1710364843.9717672,-0.23370582196447584
1710364843.9719012,-0.5307128032048544
1710364843.972035,-0.8007509840859307
1710364843.9721687,-1.0259579287634955
1710364843.9723024,-1.1916233433617485
1710364843.9724362,-1.2861892912122939
1710364843.9725702,-1.299498478571574
1710364843.972704,-1.231551170349121
1710364843.9728377,-1.0840984185536702
1710364843.9729714,-0.8700992663701375
1710364843.9731054,-0.6025128232108222
1710364843.9732392,-0.2981507447030809
1710364843.973373,0.026180392338169944
1710364843.9735067,0.3470667203267415
1710364843.9736404,0.641329288482666
1710364843.9737744,0.8942549758487277
1710364843.9739082,1.0886785056855943
1710364843.974042,1.2147910065121121
1710364843.9741757,1.260331604215834
1710364843.9743094,1.2238991260528564
1710364843.9744434,1.107245021396213
1710364843.9745772,0.9205284383561876
1710364843.974711,0.6753096315595839
1710364843.9748447,0.38770298163096106
1710364843.9749787,0.07522415783670214
1710364843.9751124,-0.2417614393764072
1710364843.9752462,-0.5380679170290629
1710364843.97538,-0.7993500100241767
1710364843.9755137,-1.0098466608259413
1710364843.9756477,-1.154847674899631
1710364843.9757814,-1.224196089638604
1710364843.9759152,-1.214739481608073
1710364843.976049,-1.1257774300045438
1710364843.976183,-0.9650154246224297
1710364843.9763167,-0.7461128632227579
1710364843.9764504,-0.4813283681869507
1710364843.9765842,-0.18782385521464878
1710364843.976718,0.11656103862656488
1710364843.976852,0.4115242428249783
1710364843.9769857,0.6784624523586696
1710364843.9771194,0.9044140577316284
1710364843.9772532,1.0725641250610352
1710364843.9773872,1.1755560504065619
1710364843.977521,1.2042816480000813
1710364843.9776547,1.156288782755534
1710364843.9777884,1.0364819235271878
1710364843.9779222,0.8511665132310655
1710364843.9780562,0.6147055493460761
1710364843.97819,0.3414617313279046
1710364843.9783237,0.0461482091082467
1710364843.9784575,-0.2522687613964081
1710364843.9785912,-0.5321137772666084
1710364843.9787252,-0.7811372809939914
1710364843.978859,-0.9842788510852389
1710364843.9789927,-1.1306809054480658
1710364843.9791265,-1.2105365594228108
1710364843.9792604,-1.217541429731581
1710364843.9793942,-1.152746280034383
1710364843.979528,-1.0193032688564725
1710364843.9796617,-0.826318793826633
1710364843.9797955,-0.585701134469774
1710364843.9799294,-0.31356145938237506
1710364843.9800632,-0.02075743344095018
1710364843.980197,0.2717495130168067
1710364843.9803307,0.5428914560212029
1710364843.9804647,0.7790021763907539
1710364843.9805984,0.9660690360599093
1710364843.9807322,1.0904300212860107
1710364843.980866,1.1440278424157035
1710364843.9809997,1.1230091253916423
1710364843.9811337,1.0270234611299303
1710364843.9812675,0.8634274535708957
1710364843.9814012,0.6416796313391792
1710364843.981535,0.3764929705195957
1710364843.9816687,0.08293103012773725
1710364843.9818027,-0.22214776939815944
1710364843.9819365,-0.5142513248655531
1710364843.9820702,-0.7800865835613674
1710364843.982204,-1.0031920671463013
1710364843.982338,-1.1688574155171711
1710364843.9824717,-1.2644741270277235
1710364843.9826055,-1.2830370002322726
1710364843.9827392,-1.220343377855089
1710364843.982873,-1.079545219739278
1710364843.983007,-0.8715002404318916
1710364843.9831407,-0.6088172064887153
1710364843.9832745,-0.307957563135359
1710364843.9834082,0.014620076657997238
1710364843.9835422,0.3362070189581977
1710364843.983676,0.6343230273988512
1710364843.9838097,0.8925033940209283
1710364843.9839435,1.095334423912896
1710364843.9840772,1.229854424794515
1710364843.9842112,1.2852038277520073
1710364843.984345,1.2582298119862874
1710364843.9844787,1.1499831411573622
1710364843.9846125,0.9688715802298652
1710364843.9847462,0.7292577293184068
1710364843.9848802,0.4437530040740967
1710364843.985014,0.1316244817442364
1710364843.9851477,-0.18852434224552578
1710364843.9852815,-0.4907849762174818
1710364843.9854155,-0.7590719064076741
1710364843.9855492,-0.9765734937455919
1710364843.985683,-1.1299803521898057
1710364843.9858167,-1.2070340580410428
1710364843.9859505,-1.2035316891140408
1710364843.9860845,-1.1173715856340196
1710364843.9862182,-0.9566095802519057
1710364843.986352,-0.7335040966669718
1710364843.9864857,-0.46416643593046397
1710364843.9866197,-0.16400726305113897
1710364843.9867535,0.149840729104148
1710364843.9868872,0.45286112361484104
1710364843.987021,0.7268055942323473
1710364843.9871547,0.956960916519165
1710364843.9872887,1.129665109846327
1710364843.9874225,1.2330072455936008
1710364843.9875562,1.260331604215834
1710364843.98769,1.2095362610287137
1710364843.987824,1.0830734835730658
1710364843.9879577,0.8911021550496419
1710364843.9880915,0.6472845872243246
1710364843.9882252,0.3652829925219218
1710364843.988359,0.06156196196873982
1710364843.988493,-0.24351265695359972
1710364843.9886267,-0.5286113421122233
1710364843.9887605,-0.7800865835613674
1710364843.9888942,-0.982877877023485
1710364843.989028,-1.1264779832628038
1710364843.989162,-1.2010799513922796
1710364843.9892957,-1.2028311358557806
1710364843.9894295,-1.1303306950463188
1710364843.9895632,-0.990583234363132
1710364843.9896972,-0.7930456267462836
1710364843.989831,-0.550326473183102
1710364843.9899647,-0.27748632762167186
1710364843.9900985,0.012868514491452111
1710364843.9902322,0.29977450768152875
1710364843.9903662,0.5639102061589559
1710364843.9905,0.7919637362162272
1710364843.9906337,0.9695721997155083
1710364843.9907675,1.0848250654008653
1710364843.9909015,1.129665109846327
1710364843.9910352,1.1009394460254245
1710364843.991169,0.9982977973090278
1710364843.9913027,0.8304980728361342
1710364843.9914365,0.6073489454057481
1710364843.9915705,0.34286297029919094
1710364843.9917042,0.05105258689986335
1710364843.991838,-0.24841608272658453
1710364843.9919717,-0.5356162124209933
1710364843.9921055,-0.7961977852715386
1710364843.9922395,-1.0147500700420804
1710364843.9923732,-1.1765628390842013
1710364843.992507,-1.2711287869347465
1710364843.9926407,-1.2900418705410428
1710364843.9927747,-1.230500406689114
1710364843.9929085,-1.0967071851094563
1710364843.9930422,-0.8963676293690999
1710364843.993176,-0.6417401631673177
1710364843.9933097,-0.34928636418448555
1710364843.9934437,-0.03546768592463599
1710364843.9935775,0.28050733937157524
1710364843.9937112,0.5737189451853434
1710364843.993845,0.8290968338648478
1710364843.993979,1.0308769014146593
1710364843.9941127,1.165046559439765
1710364843.9942465,1.2231985727945964
1710364843.9943802,1.2007784843444824
1710364843.994514,1.0960350433985393
1710364843.994648,0.9198278188705444
1710364843.9947817,0.6833667887581719
1710364843.9949155,0.40206581354141235
1710364843.9950492,0.09133853018283844
1710364843.995183,-0.22775168220202127
1710364843.995317,-0.5314132902357314
1710364843.9954507,-0.8025021685494317
1710364843.9955845,-1.0252574417326186
1710364843.9957182,-1.1818165249294705
1710364843.9958522,-1.2648243374294705
1710364843.995986,-1.2651745478312175
1710364843.9961197,-1.1821667353312175
1710364843.9962535,-1.0224554273817275
1710364843.9963872,-0.7979490359624226
1710364843.9965212,-0.5244083868132697
1710364843.996655,-0.21864533424377441
1710364843.9967887,0.1018479135301378
1710364843.9969225,0.4132757915390862
1710364843.9970565,0.6970289680692885
1710364843.9971902,0.9341906176673042
1710364843.997324,1.114251348707411
1710364843.9974577,1.2238991260528564
1710364843.9975915,1.256828573015001
1710364843.9977255,1.2084853649139404
1710364843.9978592,1.0834237602021959
1710364843.997993,0.8911021550496419
1710364843.9981267,0.6458833482530382
1710364843.9982607,0.3614295522371928
1710364843.9983945,0.05525633692741394
1710364843.9985282,-0.2526190049118466
1710364843.998662,-0.5394688910908169
1710364843.9987957,-0.7909441656536526
1710364843.9989297,-0.9940856695175171
1710364843.9990635,-1.134533617231581
1710364843.9991972,-1.2049326631757948
1710364843.999331,-1.1996789773305256
1710364843.9994648,-1.1205237441592746
1710364843.9995987,-0.9741217560238308
1710364843.9997325,-0.7716807391908433
1710364843.9998662,-0.5226571692360772
1710364844.0,-0.24526387453079224
1710364844.000134,0.04544758548339208
1710364844.0002677,0.3306020299593608
1710364844.0004015,0.5926358699798584
1710364844.0005352,0.8154346545537312
1710364844.000669,0.9870878193113539
1710364844.000803,1.0974362823698256
1710364844.0009367,1.137722200817532
1710364844.0010705,1.103041304482354
1710364844.0012043,0.9975971778233845
1710364844.0013382,0.8273452520370483
1710364844.001472,0.6041961908340454
1710364844.0016057,0.3404107689857483
1710364844.0017395,0.05210352440675099
1710364844.0018733,-0.2431624134381612
1710364844.0020072,-0.5254591173595852
1710364844.002141,-0.7793860965304904
1710364844.0022748,-0.9926846954557631
1710364844.0024085,-1.149944331910875
1710364844.0025423,-1.2413579887813992
1710364844.0026762,-1.2609716256459553
1710364844.00281,-1.2038818995157878
1710364844.0029438,-1.074291600121392
1710364844.0030775,-0.8806066380606757
1710364844.0032115,-0.6347352928585476
1710364844.0033453,-0.35068733824623954
1710364844.003479,-0.045274516774548426
1710364844.0036128,0.26299170321888393
1710364844.0037465,0.5519995755619472
1710364844.0038805,0.8035240570704142
1710364844.0040143,1.0035525427924261
1710364844.004148,1.140875021616618
1710364844.0042818,1.203580962287055
1710364844.0044158,1.1860654089185927
1710364844.0045495,1.0893791251712375
1710364844.0046833,0.9219296773274739
1710364844.004817,0.6935258706410726
1710364844.0049508,0.4202820526229011
1710364844.0050848,0.11621072888374329
1710364844.0052185,-0.19833117723464966
1710364844.0053523,-0.4995410641034444
1710364844.005486,-0.7695792118708292
1710364844.0056198,-0.9940856695175171
1710364844.0057538,-1.1565989918178983
1710364844.0058875,-1.2452107005649142
1710364844.0060213,-1.2525657812754314
1710364844.006155,-1.1755120754241943
1710364844.006289,-1.0203539662890964
1710364844.0064228,-0.7986495229932997
1710364844.0065565,-0.5254591173595852
1710364844.0066903,-0.2158433695634206
1710364844.006824,0.10920447607835133
1710364844.006958,0.4279889331923591
1710364844.0070918,0.7194489902920193
1710364844.0072255,0.9678206178877089
1710364844.0073593,1.15698946846856
1710364844.0074933,1.2750448120964897
1710364844.007627,1.31427976820204
1710364844.0077608,1.2715416484408908
1710364844.0078945,1.1482315593295627
1710364844.0080283,0.9576615360048082
1710364844.0081623,0.7092899084091187
1710364844.008296,0.41993174288007945
1710364844.0084298,0.10815353857146369
1710364844.0085635,-0.20813801222377354
1710364844.0086975,-0.5030434992578294
1710364844.0088313,-0.7622241311603122
1710364844.008965,-0.9702691104676988
1710364844.0090988,-1.1145696375105116
1710364844.0092325,-1.1853188938564725
1710364844.0093665,-1.1790145768059623
1710364844.0095003,-1.0956564876768324
1710364844.009634,-0.9415490759743584
1710364844.0097678,-0.7310524251725938
1710364844.0099015,-0.4757244719399346
1710364844.0100355,-0.1913262903690338
1710364844.0101693,0.10535103579362233
1710364844.010303,0.3922570414013333
1710364844.0104368,0.6542908483081393
1710364844.0105708,0.8756883939107258
1710364844.0107045,1.0431378417544894
1710364844.0108383,1.1461297671000164
1710364844.010972,1.1780081854926214
1710364844.0111058,1.1342191696166992
1710364844.0112398,1.0172147221035428
1710364844.0113735,0.8382049534055922
1710364844.0115073,0.6073489454057481
1710364844.011641,0.3362070189581977
1710364844.011775,0.0440463340944714
1710364844.0119088,-0.2529692484272851
1710364844.0120425,-0.5342152383592393
1710364844.0121763,-0.7863909668392605
1710364844.01231,-0.9947861565483941
1710364844.012444,-1.147142383787367
1710364844.0125778,-1.234002908070882
1710364844.0127115,-1.2480126486884222
1710364844.0128453,-1.1891716056399875
1710364844.012979,-1.059231095843845
1710364844.013113,-0.8683480819066365
1710364844.0132468,-0.6284309095806545
1710364844.0133805,-0.35138782527711654
1710364844.0135143,-0.05438086473279529
1710364844.0136483,0.24442513783772785
1710364844.013782,0.5232739448547363
1710364844.0139158,0.7674418555365669
1710364844.0140495,0.9611646996604072
1710364844.0141833,1.091831260257297
1710364844.0143173,1.1506838268703885
1710364844.014451,1.13316814104716
1710364844.0145848,1.0385837819841173
1710364844.0147185,0.8735865354537964
1710364844.0148525,0.6504374080234103
1710364844.0149863,0.38174768288930255
1710364844.01512,0.08363165789180331
1710364844.0152538,-0.22494971752166748
1710364844.0153875,-0.5219566822052002
1710364844.0155215,-0.7912943760553995
1710364844.0156553,-1.0154505570729573
1710364844.015789,-1.1811159716712103
1710364844.0159228,-1.2746311558617485
1710364844.0160565,-1.2886408964792888
1710364844.0161905,-1.219642824596829
1710364844.0163243,-1.073240836461385
1710364844.016458,-0.8585412634743584
1710364844.0165918,-0.5902542670567831
1710364844.0167258,-0.28659267557991874
1710364844.0168595,0.03844133267800013
1710364844.0169933,0.3579264216952854
1710364844.017127,0.652539332707723
1710364844.0172608,0.9054650200737847
1710364844.0173948,1.0998884836832683
1710364844.0175285,1.2253003650241427
1710364844.0176623,1.2704907523261175
1710364844.017796,1.234058141708374
1710364844.01793,1.1160027980804443
1710364844.0180638,0.9282353189256456
1710364844.0181975,0.6816152731577555
1710364844.0183313,0.39365831348631114
1710364844.018465,0.07942790786425273
1710364844.018599,-0.23895949125289917
1710364844.0187328,-0.5377176735136244
1710364844.0188665,-0.8011011944876777
1710364844.0190003,-1.0136993726094563
1710364844.0191343,-1.1608019140031602
1710364844.019268,-1.232952144410875
1710364844.0194018,-1.225246720843845
1710364844.0195355,-1.138035986158583
1710364844.0196693,-0.9786749548382229
1710364844.0198033,-0.7601226700676812
1710364844.019937,-0.49743960301081336
1710364844.0200708,-0.2039350734816657
1710364844.0202045,0.10114728576607174
1710364844.0203383,0.3957601719432407
1710364844.0204723,0.6633989678488837
1710364844.020606,0.8882996771070693
1710364844.0207398,1.0578509834077623
1710364844.0208735,1.1615435282389324
1710364844.0210075,1.1909698115454779
1710364844.0211413,1.1440278424157035
1710364844.021275,1.0242209831873577
1710364844.0214088,0.8410074975755479
1710364844.0215425,0.6059477064344618
1710364844.0216765,0.3337548507584466
1710364844.0218103,0.03844133267800013
1710364844.021944,-0.25822291771570843
1710364844.0220778,-0.5387684040599399
1710364844.0222118,-0.7874416642718844
1710364844.0223455,-0.991283721394009
1710364844.0224793,-1.137685775756836
1710364844.022613,-1.217541429731581
1710364844.0227468,-1.2266476949055989
1710364844.0228808,-1.1608019140031602
1710364844.0230145,-1.0294603639178805
1710364844.0231483,-0.8371763759189181
1710364844.023282,-0.5983099010255601
1710364844.0234158,-0.3251195285055372
1710364844.0235498,-0.034066707723670535
1710364844.0236835,0.25633576843473643
1710364844.0238173,0.5274776948822869
1710364844.023951,0.764289034737481
1710364844.024085,0.9506553411483765
1710364844.0242188,1.076067222489251
1710364844.0243526,1.1314165592193604
1710364844.0244863,1.111098461680942
1710364844.02462,1.0158134831322563
1710364844.024754,0.8532684379153781
1710364844.0248878,0.633272131284078
1710364844.0250216,0.36983705229229397
1710364844.0251553,0.07697571482923296
1710364844.0252893,-0.2263506915834215
1710364844.025423,-0.5177537600199381
1710364844.0255568,-0.7835890187157525
1710364844.0256906,-1.0052935282389324
1710364844.0258243,-1.1706087324354384
1710364844.0259583,-1.2665755218929715
1710364844.026092,-1.2847883171505399
1710364844.0262258,-1.22209456231859
1710364844.0263596,-1.082347167862786
1710364844.0264933,-0.8746524651845295
1710364844.0266273,-0.6123196416431003
1710364844.026761,-0.3118102418051826
1710364844.0268948,0.010416325595643785
1710364844.0270286,0.3313026494450039
1710364844.0271626,0.629768967628479
1710364844.0272963,0.887599057621426
1710364844.02743,1.0904300212860107
1710364844.0275638,1.2235487831963432
1710364844.0276976,1.2785478432973225
1710364844.0278316,1.2515738275316026
1710364844.0279653,1.1426266034444172
1710364844.028099,0.9618653191460503
1710364844.0282328,0.7208502292633057
1710364844.0283668,0.43604612350463867
1710364844.0285006,0.12321698168913522
1710364844.0286343,-0.19622971614201862
1710364844.028768,-0.4988405770725674
1710364844.0289018,-0.7664270533455743
1710364844.0290358,-0.9835783640543619
1710364844.0291696,-1.1355842484368217
1710364844.0293033,-1.2122877438863118
1710364844.029437,-1.2063336372375488
1710364844.029571,-1.1194731129540336
1710364844.0297048,-0.9576602776845295
1710364844.0298386,-0.7338543732961019
1710364844.0299723,-0.4624151852395799
1710364844.030106,-0.16085505485534668
1710364844.03024,0.153694169388877
1710364844.0303738,0.4581158028708564
1710364844.0305076,0.7324105501174927
1710364844.0306413,0.9639671776029799
1710364844.030775,1.1370216475592718
1710364844.030909,1.241414811876085
1710364844.0310428,1.2694397237565782
1710364844.0311766,1.218644380569458
1710364844.0313103,1.0928822225994534
1710364844.0314443,0.9012612369325426
1710364844.031578,0.6563927067650689
1710364844.0317118,0.37474142180548775
1710364844.0318456,0.07067008978790706
1710364844.0319793,-0.23475655251079136
1710364844.0321133,-0.5198552211125692
1710364844.032247,-0.7720309495925903
1710364844.0323808,-0.9755227300855849
1710364844.0325146,-1.1187725596957736
1710364844.0326486,-1.1944252914852567
1710364844.0327823,-1.1975774500105116
1710364844.032916,-1.1257774300045438
1710364844.0330498,-0.98638031217787
1710364844.0331836,-0.7895431253645155
1710364844.0333176,-0.547874735461341
1710364844.0334513,-0.2750346230136024
1710364844.033585,0.01356913915110959
1710364844.0337188,0.30012485053804183
1710364844.0338526,0.5635599295298258
1710364844.0339866,0.7909127738740709
1710364844.0341203,0.9681709607442219
1710364844.034254,1.0830734835730658
1710364844.0343878,1.1289644241333008
1710364844.0345218,1.0998884836832683
1710364844.0346556,0.9979475206798977
1710364844.0347893,0.8311986923217773
1710364844.034923,0.6091005272335476
1710364844.0350568,0.3453151716126336
1710364844.0351908,0.05420539942052629
1710364844.0353246,-0.2445633874999152
1710364844.0354583,-0.5317635337511698
1710364844.035592,-0.7919948630862765
1710364844.035726,-1.0105471478568182
1710364844.0358598,-1.1727101273006864
1710364844.0359936,-1.2679764959547255
1710364844.0361273,-1.2879404756757948
1710364844.036261,-1.2297999858856201
1710364844.036395,-1.0967071851094563
1710364844.0365288,-0.8974183268017238
1710364844.0366626,-0.6441919008890787
1710364844.0367963,-0.3524385558234321
1710364844.0369303,-0.038269638187355466
1710364844.037064,0.27665389908684623
1710364844.0371978,0.5712668100992838
1710364844.0373316,0.8266446325514052
1710364844.0374653,1.0298259390725029
1710364844.0375993,1.1657472451527913
1710364844.037733,1.226001050737169
1710364844.0378668,1.2049822012583415
1710364844.0380006,1.102690961625841
1710364844.0381343,0.9285855955547756
1710364844.0382683,0.6945768329832289
1710364844.038402,0.4143267538812425
1710364844.0385358,0.10500072605080074
1710364844.0386696,-0.21339166495535108
1710364844.0388036,-0.5163527859581841
1710364844.0389373,-0.7881421513027614
1710364844.039071,-1.0108974244859483
1710364844.0392048,-1.1702583895789251
1710364844.0393386,-1.2536165449354384
1710364844.0394726,-1.2564184930589464
1710364844.0396063,-1.1748116546207004
1710364844.03974,-1.0165013207329643
1710364844.0398738,-0.7930456267462836
1710364844.0400078,-0.5209059516588846
1710364844.0401416,-0.2151428825325436
1710364844.0402753,0.10430009828673469
1710364844.040409,0.4150273733668857
1710364844.0405428,0.6984302732679579
1710364844.0406768,0.9366428189807467
1710364844.0408106,1.1170538266499836
1710364844.0409443,1.2270519468519423
1710364844.041078,1.2589303652445476
1710364844.0412118,1.210587289598253
1710364844.0413458,1.0858759615156386
1710364844.0414796,0.8935543563630846
1710364844.0416133,0.6469343105951945
1710364844.041747,0.3614295522371928
1710364844.041881,0.05385508553849326
1710364844.0420148,-0.2557711965507931
1710364844.0421486,-0.5436718132760789
1710364844.0422823,-0.7965480619006686
1710364844.042416,-1.001090539826287
1710364844.04255,-1.142238908343845
1710364844.0426838,-1.212988297144572
1710364844.0428176,-1.2087852425045438
1710364844.0429513,-1.1292799313863118
1710364844.0430853,-0.982527666621738
1710364844.043219,-0.7769343588087294
1710364844.0433528,-0.5289615856276618
1710364844.0434866,-0.25016730030377704
1710364844.0436203,0.041944459080696106
1710364844.0437543,0.3285001715024312
1710364844.043888,0.590884288152059
1710364844.0440218,0.8143836922115749
1710364844.0441556,0.9867375426822238
1710364844.0442894,1.0963853200276692
1710364844.0444233,1.1363209618462455
1710364844.044557,1.1016400655110676
1710364844.0446908,0.9954953193664551
1710364844.0448246,0.8241924974653456
1710364844.0449586,0.6003427505493164
1710364844.0450923,0.3355063994725545
1710364844.045226,0.0461482091082467
1710364844.0453598,-0.25051754381921554
1710364844.0454936,-0.5328142642974854
1710364844.0456276,-0.7881421513027614
1710364844.0457613,-1.0003900527954102
1710364844.045895,-1.1579999658796523
1710364844.0460289,-1.2497638331519232
1710364844.0461628,-1.2690272596147325
1710364844.0462966,-1.2119375334845648
1710364844.0464303,-1.082347167862786
1710364844.046564,-0.8879617187711928
1710364844.0466979,-0.6431411372290717
1710364844.0468318,-0.35874297221501666
1710364844.0469656,-0.052979886531829834
1710364844.0470994,0.2556351323922475
1710364844.047233,0.5439423852496676
1710364844.047367,0.795466833644443
1710364844.0475008,0.9972469011942545
1710364844.0476346,1.133518483903673
1710364844.0477684,1.19552387131585
1710364844.047902,1.1783585283491347
1710364844.048036,1.0830734835730658
1710364844.0481699,0.9156240357293023
1710364844.0483036,0.6872202290429009
1710364844.0484374,0.4146770636240641
1710364844.048571,0.11060572332806057
1710364844.048705,-0.2035848299662272
1710364844.0488389,-0.5044444733195834
1710364844.0489726,-0.7758836613761054
1710364844.0491064,-1.0003900527954102
1710364844.0492404,-1.1629033088684082
1710364844.049374,-1.2518653604719374
1710364844.0495079,-1.2599209944407146
1710364844.0496416,-1.1835677093929715
1710364844.0497754,-1.0287598768870037
1710364844.0499094,-0.8074055777655708
1710364844.050043,-0.5338649948438009
1710364844.0501769,-0.22529996103710598
1710364844.0503106,0.10114728576607174
1710364844.0504446,0.41993174288007945
1710364844.0505784,0.7120924525790744
1710364844.050712,0.9615149762895372
1710364844.0508459,1.1517347229851616
1710364844.0509796,1.2711913055843778
1710364844.0511136,1.311126947402954
1710364844.0512474,1.2701404094696045
1710364844.051381,1.1482315593295627
1710364844.0515149,0.9580118788613213
1710364844.0516486,0.7096402512656318
1710364844.0517826,0.4216832915941874
1710364844.0519164,0.10955478582117292
1710364844.05205,-0.20673703816201952
1710364844.0521839,-0.5016425251960754
1710364844.0523179,-0.7608231570985582
1710364844.0524516,-0.9685178597768147
1710364844.0525854,-1.1131686634487576
1710364844.052719,-1.1842682626512315
1710364844.0528529,-1.1776136027442083
1710364844.0529869,-1.0935550265842013
1710364844.0531206,-0.9397978915108575
1710364844.0532544,-0.7279002004199557
1710364844.053388,-0.4711713062392341
1710364844.053522,-0.18572239412201774
1710364844.0536559,0.11130635109212664
1710364844.0537896,0.3992633024851481
1710364844.0539234,0.6612971093919542
1710364844.0540571,0.8830449978510538
1710364844.054191,1.0501441028383043
1710364844.0543249,1.153135961956448
1710364844.0544586,1.18396348423428
1710364844.0545924,1.1387732293870714
1710364844.0547261,1.022469401359558
1710364844.05486,0.8427590131759644
1710364844.0549939,0.610151489575704
1710364844.0551276,0.3397101495001051
1710364844.0552614,0.04544758548339208
1710364844.0553954,-0.2522687613964081
1710364844.055529,-0.5338649948438009
1710364844.0556629,-0.7856904798083835
1710364844.0557966,-0.9940856695175171
1710364844.0559304,-1.1450408564673529
1710364844.0560644,-1.232251591152615
1710364844.0561981,-1.2462614642249212
1710364844.0563319,-1.1853188938564725
1710364844.0564656,-1.05537838406033
1710364844.0565996,-0.8634446726904975
1710364844.0567334,-0.6224767367045084
1710364844.0568671,-0.346134172545539
1710364844.0570009,-0.048076469037267894
1710364844.0571346,0.2496798170937432
1710364844.0572686,0.5288789669672648
1710364844.0574024,0.772346191936069
1710364844.0575361,0.9650181399451362
1710364844.0576699,1.094984081056383
1710364844.0578039,1.1527856190999348
1710364844.0579376,1.133518483903673
1710364844.0580714,1.0375328196419609
1710364844.0582051,0.8725356393390231
1710364844.0583389,0.648685892422994
1710364844.0584729,0.37999610106150306
1710364844.0586066,0.08188009262084961
1710364844.0587404,-0.22775168220202127
1710364844.0588741,-0.5240581432978312
1710364844.059008,-0.7930456267462836
1710364844.0591419,-1.0172018077638414
1710364844.0592756,-1.1818165249294705
1710364844.0594094,-1.2742809454600017
1710364844.0595431,-1.2882906860775418
1710364844.0596771,-1.218942403793335
1710364844.0598109,-1.0721901390287611
1710364844.0599446,-0.8578407764434814
1710364844.0600784,-0.589553780025906
1710364844.0602121,-0.28519170151816475
1710364844.0603461,0.03949227018488778
1710364844.0604799,0.3596779704093933
1710364844.0606136,0.6546411911646525
1710364844.0607474,0.9072165356742011
1710364844.0608814,1.103041304482354
1710364844.0610151,1.2291538715362549
1710364844.061149,1.2750448120964897
1710364844.0612826,1.2396632300482855
1710364844.0614164,1.122658782535129
1710364844.0615504,0.9359421994951036
1710364844.0616841,0.6900227732128567
1710364844.061818,0.4017155037985908
1710364844.0619516,0.08818571766217549
1710364844.0620854,-0.2302033868100908
1710364844.0622194,-0.5293118291431003
1710364844.0623531,-0.7926953501171535
1710364844.062487,-1.0052935282389324
1710364844.0626206,-1.152746280034383
1710364844.0627546,-1.226297484503852
1710364844.0628884,-1.218942403793335
1710364844.0630221,-1.133132643169827
1710364844.063156,-0.9748222430547078
1710364844.0632896,-0.7573207219441731
1710364844.0634236,-0.4939371678564283
1710364844.0635574,-0.2018336123890347
1710364844.0636911,0.10219822327295938
1710364844.063825,0.39646079142888385
1710364844.063959,0.6633989678488837
1710364844.0640926,0.8879493342505561
1710364844.0642264,1.056449744436476
1710364844.0643601,1.1587410502963595
1710364844.064494,1.187816990746392
1710364844.064628,1.1405246787601047
1710364844.0647616,1.0193165805604723
1710364844.0648954,0.8350521326065063
1710364844.0650291,0.598941445350647
1710364844.065163,0.3249970409605238
1710364844.065297,0.02968351874086592
1710364844.0654306,-0.26837997966342503
1710364844.0655644,-0.548225012090471
1710364844.0656981,-0.7961977852715386
1710364844.0658321,-0.9996895657645332
1710364844.065966,-1.1453910668690999
1710364844.0660996,-1.224896510442098
1710364844.0662334,-1.232601934009128
1710364844.0663671,-1.1667560206519232
1710364844.0665011,-1.0326125224431355
1710364844.066635,-0.8399783240424262
1710364844.0667686,-0.5997108750873141
1710364844.0669024,-0.32582001553641426
1710364844.0670364,-0.034066707723670535
1710364844.0671701,0.2584376434485118
1710364844.067304,0.5292292767100863
1710364844.0674376,0.7660405503378974
1710364844.0675714,0.9527571996053059
1710364844.0677054,1.0774684614605374
1710364844.0678391,1.1314165592193604
1710364844.067973,1.110748185051812
1710364844.0681067,1.0151127974192302
1710364844.0682406,0.8515168560875787
1710364844.0683744,0.6315205494562784
1710364844.0685081,0.3673848509788513
1710364844.068642,0.07382290230857001
1710364844.0687757,-0.2291526562637753
1710364844.0689096,-0.5216064386897616
1710364844.0690434,-0.7867411772410074
1710364844.0691772,-1.0101969374550712
1710364844.069311,-1.1751618650224473
1710364844.0694447,-1.2714789973364935
1710364844.0695786,-1.2903922133975558
1710364844.0697124,-1.2283990118238661
1710364844.0698462,-1.0872506433063083
1710364844.06998,-0.8802563614315456
1710364844.070114,-0.6179235378901163
1710364844.0702477,-0.31776441468132866
1710364844.0703814,0.005161637026402685
1710364844.0705152,0.3253473507033454
1710364844.070649,0.6241640117433336
1710364844.070783,0.8823443783654107
1710364844.0709167,1.0851753420299954
1710364844.0710504,1.2200457519955106
1710364844.0711842,1.2750448120964897
1710364844.0713181,1.2484210067325168
1710364844.071452,1.1391234397888184
1710364844.0715857,0.9597634606891208
1710364844.0717194,0.7194489902920193
1710364844.0718532,0.4342945416768392
1710364844.0719872,0.12111510667535993
1710364844.072121,-0.19868142075008816
1710364844.0722547,-0.5005917946497599
1710364844.0723884,-0.7692290014690822
1710364844.0725222,-0.987080799208747
1710364844.0726562,-1.139787170622084
1710364844.07279,-1.216140455669827
1710364844.0729237,-1.2122877438863118
1710364844.0730574,-1.1250770092010498
1710364844.0731914,-0.9632642401589288
1710364844.0733252,-0.7394582695431179
1710364844.073459,-0.46836935811572605
1710364844.0735927,-0.165408237112893
1710364844.0737264,0.15019105540381536
1710364844.0738604,0.45391205284330577
1710364844.0739942,0.7303086916605631
1710364844.074128,0.9632665581173366
1710364844.0742617,1.137722200817532
1710364844.0743957,1.2428160508473713
1710364844.0745294,1.272592544555664
1710364844.0746632,1.2228482299380832
1710364844.074797,1.0974362823698256
1710364844.0749307,0.9072165356742011
1710364844.0750647,0.6633989678488837
1710364844.0751984,0.38174768288930255
1710364844.0753322,0.07872728010018666
1710364844.075466,-0.22740143868658277
1710364844.0755997,-0.512850350803799
1710364844.0757337,-0.7643255922529433
1710364844.0758674,-0.9681676493750678
1710364844.0760012,-1.1117676893870037
1710364844.076135,-1.1881208419799805
1710364844.076269,-1.1905725797017415
1710364844.0764027,-1.1194731129540336
1710364844.0765364,-0.980776415930854
1710364844.0766702,-0.7846397161483765
1710364844.076804,-0.542971326245202
1710364844.076938,-0.27188243137465584
1710364844.0770717,0.017072265553805564
1710364844.0772054,0.30292732848061454
1710364844.0773392,0.5656617879867554
1710364844.0774732,0.791613393359714
1710364844.077607,0.9688715802298652
1710364844.0777407,1.0834237602021959
1710364844.0778744,1.1286140812767875
1710364844.0780082,1.099538140826755
1710364844.0781422,0.9975971778233845
1710364844.078276,0.8301477962070041
1710364844.0784097,0.6094508700900607
1710364844.0785434,0.34566548135545516
1710364844.0786774,0.05525633692741394
1710364844.0788112,-0.2421116828918457
1710364844.078945,-0.5286113421122233
1710364844.0790787,-0.7877919409010146
1710364844.0792124,-1.0052935282389324
1710364844.0793464,-1.1674564414554172
1710364844.0794802,-1.2616721789042156
1710364844.079614,-1.2812858157687717
1710364844.0797477,-1.22279511557685
1710364844.0798814,-1.0897023148006864
1710364844.0800154,-0.8911139435238308
1710364844.0801492,-0.6389382150438097
1710364844.080283,-0.3471849030918545
1710364844.0804167,-0.034767194754547544
1710364844.0805507,0.2798067198859321
1710364844.0806844,0.5730183256997002
1710364844.0808182,0.8283962143792046
1710364844.080952,1.0308769014146593
1710364844.0810857,1.1653969022962782
1710364844.0812197,1.2253003650241427
1710364844.0813534,1.203580962287055
1710364844.0814872,1.1009394460254245
1710364844.081621,0.9268340799543593
1710364844.081755,0.6921246316697862
1710364844.0818887,0.4111739330821567
1710364844.0820224,0.10289885103702545
1710364844.0821562,-0.2158433695634206
1710364844.08229,-0.5191547340816921
1710364844.082424,-0.7895431253645155
1710364844.0825577,-1.0129988855785794
1710364844.0826914,-1.1723599168989394
1710364844.0828252,-1.2560682826571994
1710364844.082959,-1.2574692567189534
1710364844.083093,-1.1765628390842013
1710364844.0832267,-1.0186027818255954
1710364844.0833604,-0.7961977852715386
1710364844.0834942,-0.5233576562669542
1710364844.0836282,-0.2179448472128974
1710364844.083762,0.10149759550889333
1710364844.0838957,0.4125751720534431
1710364844.0840294,0.6952774524688721
1710364844.0841632,0.9331396553251479
1710364844.0842972,1.1139010058508978
1710364844.084431,1.2238991260528564
1710364844.0845647,1.2550769911872015
1710364844.0846984,1.2074344687991672
1710364844.0848324,1.0816722446017795
1710364844.0849662,0.8897009160783556
1710364844.0851,0.6430808703104655
1710364844.0852337,0.3575761119524638
1710364844.0853674,0.04895071188608805
1710364844.0855014,-0.25892340474658543
1710364844.0856352,-0.5468240049150255
1710364844.085769,-0.8007509840859307
1710364844.0859027,-1.0045930412080553
1710364844.0860364,-1.1453910668690999
1710364844.0861704,-1.216490666071574
1710364844.0863042,-1.2126379542880588
1710364844.086438,-1.1338330639733207
1710364844.0865717,-0.986730588807
1710364844.0867057,-0.7825382550557454
1710364844.0868394,-0.5349157253901163
1710364844.0869732,-0.2571721706125471
1710364844.087107,0.03388726876841651
1710364844.0872407,0.31869139936235213
1710364844.0873747,0.5814258257548014
1710364844.0875084,0.8042246765560573
1710364844.0876422,0.9769287374284532
1710364844.087776,1.0872772004869249
1710364844.08791,1.1265122890472412
1710364844.0880437,1.0932325654559665
1710364844.0881774,0.9856865803400675
1710364844.0883112,0.8164856168958876
1710364844.088445,0.5933364894655015
1710364844.088579,0.32990141047371757
1710364844.0887127,0.04159414519866308
1710364844.0888464,-0.2533194919427236
1710364844.0889802,-0.5345654818746779
1710364844.0891142,-0.7888426383336384
1710364844.089248,-1.0014408164554172
1710364844.0893817,-1.1587003866831462
1710364844.0895154,-1.2504643864101834
1710364844.0896492,-1.2700780232747395
1710364844.0897832,-1.212988297144572
1710364844.089917,-1.0840984185536702
1710364844.0900507,-0.8911139435238308
1710364844.0901845,-0.6459430853525797
1710364844.0903182,-0.3625956508848402
1710364844.0904522,-0.05823354754183027
1710364844.090586,0.25003014339341056
1710364844.0907197,0.5379870865080092
1710364844.0908535,0.7898618115319146
1710364844.0909874,0.9905909167395698
1710364844.0911212,1.126161946190728
1710364844.091255,1.1892182297176785
1710364844.0913887,1.1734541257222493
1710364844.0915225,1.0774684614605374
1710364844.0916564,0.9107196993298
1710364844.0917902,0.6830165121290419
1710364844.091924,0.4097726609971788
1710364844.0920577,0.10675229132175446
1710364844.0921917,-0.20743752519289652
1710364844.0923254,-0.5079469415876601
1710364844.0924592,-0.7797363069322374
1710364844.092593,-1.0042427645789251
1710364844.0927267,-1.1664058102501762
1710364844.0928607,-1.2557180722554524
1710364844.0929945,-1.2637735737694633
1710364844.0931282,-1.1884711848364935
1710364844.093262,-1.0336632861031425
1710364844.0933957,-0.8130095402399699
1710364844.0935297,-0.540169378121694
1710364844.0936635,-0.2305536303255293
1710364844.0937972,0.0941410329606798
1710364844.093931,0.4136261012819078
1710364844.094065,0.7061371538374159
1710364844.0941987,0.9548590580622355
1710364844.0943325,1.1440278424157035
1710364844.0944662,1.264185110727946
1710364844.0946,1.3030697239769828
1710364844.094734,1.2613826327853732
1710364844.0948677,1.1398241255018446
1710364844.0950015,0.9496043788062202
1710364844.0951352,0.7019333706961738
1710364844.0952692,0.4143267538812425
1710364844.095403,0.10359947052266863
1710364844.0955367,-0.21199069089359707
1710364844.0956705,-0.505495203865899
1710364844.0958042,-0.7625743415620592
1710364844.0959382,-0.9699188338385688
1710364844.096072,-1.1135188738505046
1710364844.0962057,-1.1825169457329643
1710364844.0963395,-1.1744614442189534
1710364844.0964732,-1.0883013407389324
1710364844.0966072,-0.9338437186347114
1710364844.096741,-0.7205450534820557
1710364844.0968747,-0.46346591578589547
1710364844.0970085,-0.1776667767100864
1710364844.0971425,0.12041447891129388
1710364844.0972762,0.40837142202589244
1710364844.09741,0.6704052289326986
1710364844.0975437,0.8921531173917983
1710364844.0976775,1.060303184721205
1710364844.0978115,1.1625944243537054
1710364844.0979452,1.1930716037750244
1710364844.098079,1.1482315593295627
1710364844.0982127,1.0308769014146593
1710364844.0983467,0.8508162366019355
1710364844.0984805,0.6185589896308051
1710364844.0986142,0.3474170300695631
1710364844.098748,0.05350477579567167
1710364844.0988817,-0.24386290046903822
1710364844.0990157,-0.5265098479059007
1710364844.0991495,-0.7772846354378594
1710364844.0992832,-0.98638031217787
1710364844.099417,-1.138035986158583
1710364844.099551,-1.224196089638604
1710364844.0996847,-1.238556040657891
1710364844.0998185,-1.1790145768059623
1710364844.0999522,-1.0490740007824368
1710364844.100086,-0.8578407764434814
1710364844.10022,-0.6172230508592393
1710364844.1003537,-0.34158100684483844
1710364844.1004875,-0.04492427325910992
1710364844.1006212,0.25283263789282906
1710364844.100755,0.5313311351670159
1710364844.100889,0.7737474309073554
1710364844.1010227,0.9674703412585788
1710364844.1011565,1.0970860057406955
1710364844.1012902,1.156288782755534
1710364844.1014242,1.1373718579610188
1710364844.101558,1.0424372222688463
1710364844.1016917,0.8774399757385254
1710364844.1018255,0.6549914677937826
1710364844.1019592,0.38560112317403156
1710364844.1020932,0.08853603568341997
1710364844.102227,-0.2193458212746514
1710364844.1023607,-0.5160025424427456
1710364844.1024945,-0.7853402031792535
1710364844.1026285,-1.0098466608259413
1710364844.1027622,-1.1751618650224473
1710364844.102896,-1.2690272596147325
1710364844.1030297,-1.2833873430887859
1710364844.1031635,-1.21579024526808
1710364844.1032975,-1.069738401307
1710364844.1034312,-0.8560895257525973
1710364844.103565,-0.5885030825932821
1710364844.1036987,-0.2841409709718492
1710364844.1038325,0.040543207691775426
1710364844.1039665,0.3607288996378581
1710364844.1041002,0.656743049621582
1710364844.104234,0.9103693564732869
1710364844.1043677,1.10654440191057
1710364844.1045017,1.233357588450114
1710364844.1046355,1.280299425125122
1710364844.1047692,1.245268185933431
1710364844.104903,1.1286140812767875
1710364844.1050367,0.9418974982367622
1710364844.1051707,0.6970289680692885
1710364844.1053045,0.40907204151153564
1710364844.1054382,0.09484166072474585
1710364844.105572,-0.22389898697535196
1710364844.105706,-0.5230074127515157
1710364844.1058397,-0.7874416642718844
1710364844.1059735,-1.0003900527954102
1710364844.1061072,-1.1481930149926078
1710364844.106241,-1.221394141515096
1710364844.106375,-1.214739481608073
1710364844.1065087,-1.1278789573245578
1710364844.1066425,-0.9695686234368218
1710364844.1067762,-0.752067036098904
1710364844.10691,-0.4883332716094123
1710364844.107044,-0.19552922911114162
1710364844.1071777,0.10885416633552975
1710364844.1073115,0.4038173622555203
1710364844.1074452,0.6697046094470553
1710364844.1075792,0.8939046992195977
1710364844.107713,1.0624050431781344
1710364844.1078467,1.1636453204684787
1710364844.1079805,1.1920207076602511
1710364844.1081142,1.1429769463009305
1710364844.1082482,1.021768781873915
1710364844.108382,0.8357527520921495
1710364844.1085157,0.5982408258650038
1710364844.1086495,0.3235957688755459
1710364844.1087835,0.026530704150597252
1710364844.1089172,-0.27188243137465584
1710364844.109051,-0.5513772037294176
1710364844.1091847,-0.8007509840859307
1710364844.1093185,-1.0045930412080553
1710364844.1094525,-1.149944331910875
1710364844.1095862,-1.22909943262736
1710364844.10972,-1.237155066596137
1710364844.1098537,-1.1706087324354384
1710364844.1099877,-1.0368154446283977
1710364844.1101215,-0.8434807591968112
1710364844.1102552,-0.6032133102416992
1710364844.110389,-0.3300229377216763
1710364844.1105227,-0.038269638187355466
1710364844.1106567,0.2535332573784722
1710364844.1107905,0.5250255266825358
1710364844.1109242,0.7611362139383951
1710364844.111058,0.9482031398349338
1710364844.1111917,1.0729144016901653
1710364844.1113257,1.1268624994489882
1710364844.1114595,1.1061941252814398
1710364844.1115932,1.010909080505371
1710364844.111727,0.8469627963172065
1710364844.111861,0.6273167663150363
1710364844.1119947,0.36318110095130074
1710364844.1121285,0.07067008978790706
1710364844.1122622,-0.23265509141816032
1710364844.112396,-0.5247586303287082
1710364844.11253,-0.7891929149627686
1710364844.1126637,-1.0122983985477023
1710364844.1127975,-1.1772633923424614
1710364844.1129313,-1.2735803922017415
1710364844.1130652,-1.2931941615210638
1710364844.113199,-1.230850617090861
1710364844.1133327,-1.0914535654915702
1710364844.1134665,-0.8844592836168077
1710364844.1136003,-0.6228270133336385
1710364844.1137342,-0.32266782389746773
1710364844.113868,-0.00044327766065382294
1710364844.1140018,0.3207932909329732
1710364844.1141355,0.6196098857455783
1710364844.1142693,0.8784909380806817
1710364844.1144032,1.0809716251161363
1710364844.114537,1.2161922454833984
1710364844.1146708,1.272592544555664
1710364844.1148045,1.2466694249047172
1710364844.1149385,1.1387732293870714
1710364844.1150723,0.9594131178326076
1710364844.115206,0.7190987136628892
1710364844.1153398,0.4342945416768392
1710364844.1154735,0.12181572616100311
1710364844.1156075,-0.19868142075008816
1710364844.1157413,-0.5012922816806369
1710364844.115875,-0.7702797651290894
1710364844.1160088,-0.989182260301378
1710364844.1161427,-1.142238908343845
1710364844.1162765,-1.220343377855089
1710364844.1164103,-1.217191219329834
1710364844.116544,-1.1306809054480658
1710364844.1166778,-0.9692183468076918
1710364844.1168118,-0.7454123761918809
1710364844.1169455,-0.4743234978781806
1710364844.1170793,-0.17136237687534756
1710364844.117213,0.14353510406282213
1710364844.1173468,0.4497083028157552
1710364844.1174808,0.7271558708614773
1710364844.1176145,0.9583622217178345
1710364844.1177483,1.1342191696166992
1710364844.117882,1.2400135729047987
1710364844.118016,1.2704907523261175
1710364844.1181498,1.2210966481102836
1710364844.1182835,1.0977866252263386
1710364844.1184173,0.9061656395594279
1710364844.118551,0.6637493107053969
1710364844.118685,0.38174768288930255
1710364844.1188188,0.08047884537114038
1710364844.1189525,-0.22494971752166748
1710364844.1190863,-0.5086474286185371
1710364844.1192203,-0.7590719064076741
1710364844.119354,-0.9615129894680446
1710364844.1194878,-1.1044125424491034
1710364844.1196215,-1.1783140235477023
1710364844.1197553,-1.1783140235477023
1710364844.1198893,-1.1061637931399875
1710364844.120023,-0.9653657012515597
1710364844.1201568,-0.7685285144382052
1710364844.1202905,-0.5247586303287082
1710364844.1204245,-0.2512180308500926
1710364844.1205583,0.036339457664224833
1710364844.120692,0.3207932909329732
1710364844.1208258,0.5838780270682441
1710364844.1209595,0.8094793558120728
1710364844.1210935,0.9846356179979112
1710364844.1212273,1.0977866252263386
1710364844.121361,1.141225364473131
1710364844.1214948,1.1100475655661688
1710364844.1216285,1.006355020734999
1710364844.1217625,0.8378546767764621
1710364844.1218963,0.614004929860433
1710364844.12203,0.35021954112582737
1710364844.1221638,0.05875946333010991
1710364844.1222978,-0.2403604653146532
1710364844.1224315,-0.5268600914213393
1710364844.1225653,-0.7863909668392605
1710364844.122699,-1.0042427645789251
1710364844.1228328,-1.1657052569919162
1710364844.1229668,-1.2602712048424614
1710364844.1231005,-1.2798848417070177
1710364844.1232343,-1.221744351916843
1710364844.123368,-1.0897023148006864
1710364844.123502,-0.8907636668947008
1710364844.1236358,-0.6392884254455566
1710364844.1237695,-0.34893612066904706
1710364844.1239033,-0.036518416470951505
1710364844.124037,0.2770042088296678
1710364844.124171,0.5691648854149712
1710364844.1243048,0.8241924974653456
1710364844.1244385,1.0252718793021307
1710364844.1245723,1.1604924996693928
1710364844.124706,1.2196954091389973
1710364844.12484,1.1990269025166829
1710364844.1249738,1.0967356628841824
1710364844.1251075,0.9226302968131171
1710364844.1252413,0.6893221537272135
1710364844.1253753,0.4097726609971788
1710364844.125509,0.10079697602325015
1710364844.1256428,-0.21654387315114337
1710364844.1257765,-0.5184542470508151
1710364844.1259103,-0.7888426383336384
1710364844.1260443,-1.0105471478568182
1710364844.126178,-1.1695579687754314
1710364844.1263118,-1.2532663345336914
1710364844.1264455,-1.2546673085954454
1710364844.1265795,-1.1727101273006864
1710364844.1267133,-1.0143998596403334
1710364844.126847,-0.7909441656536526
1710364844.1269808,-0.5174035165044997
1710364844.1271145,-0.21129020386272007
1710364844.1272485,0.10920447607835133
1710364844.1273823,0.42098267210854423
1710364844.127516,0.7054365343517727
1710364844.1276498,0.9450503190358479
1710364844.1277838,1.1251109176211886
1710364844.1279175,1.2358097235361736
1710364844.1280513,1.2690895133548312
1710364844.128185,1.2203959623972576
1710364844.1283188,1.0946338044272528
1710364844.1284528,0.9023121992746989
1710364844.1285865,0.6542908483081393
1710364844.1287203,0.3673848509788513
1710364844.128854,0.05805883970525529
1710364844.1289878,-0.2522687613964081
1710364844.1291218,-0.542270839214325
1710364844.1292555,-0.7965480619006686
1710364844.1293893,-1.0017910930845473
1710364844.129523,-1.1439900928073459
1710364844.129657,-1.21579024526808
1710364844.1297908,-1.2122877438863118
1710364844.1299245,-1.133482853571574
1710364844.1300583,-0.98638031217787
1710364844.130192,-0.7821880446539985
1710364844.130326,-0.5331645078129238
1710364844.1304598,-0.2547204660044776
1710364844.1305935,0.035989143782191806
1710364844.1307273,0.3214939104186164
1710364844.1308613,0.5828270647260878
1710364844.130995,0.8056259155273438
1710364844.1311288,0.9765784607993232
1710364844.1312625,1.0851753420299954
1710364844.1313963,1.1237096786499023
1710364844.1315303,1.0883281628290813
1710364844.131664,0.9797312815984089
1710364844.1317978,0.8080781168407863
1710364844.1319315,0.5842283699247572
1710364844.1320653,0.31904170910517377
1710364844.1321993,0.030734456247753568
1710364844.132333,-0.2645273009936015
1710364844.1324668,-0.5468240049150255
1710364844.1326005,-0.8011011944876777
1710364844.1327345,-1.0122983985477023
1710364844.1328683,-1.1692077583736844
1710364844.133002,-1.2595706515842013
1710364844.1331358,-1.2774331039852567
1710364844.1332695,-1.219642824596829
1710364844.1334035,-1.0893521043989394
1710364844.1335373,-0.8953168657090929
1710364844.133671,-0.6497957971360948
1710364844.1338048,-0.3657478425237867
1710364844.1339388,-0.06068525628911124
1710364844.1340725,0.24687732259432474
1710364844.1342063,0.5355348851945665
1710364844.13434,0.7870593335893419
1710364844.1344738,0.987438162167867
1710364844.1346078,1.1233594682481554
1710364844.1347415,1.1853647232055664
1710364844.1348753,1.1689000659518771
1710364844.135009,1.0725641250610352
1710364844.1351428,0.9047643343607584
1710364844.1352768,0.6781121095021566
1710364844.1354105,0.40416767199834186
1710364844.1355443,0.10149759550889333
1710364844.135678,-0.21269117792447406
1710364844.135812,-0.5135508378346761
1710364844.1359458,-0.7842895057466295
1710364844.1360795,-1.0091461737950642
1710364844.1362133,-1.1720097064971924
1710364844.136347,-1.2606214152442083
1710364844.136481,-1.2690272596147325
1710364844.1366148,-1.1926741070217557
1710364844.1367486,-1.0385666953192816
1710364844.1368823,-0.8168621857961018
1710364844.1370163,-0.542971326245202
1710364844.13715,-0.23405606547991434
1710364844.1372838,0.0920391579469045
1710364844.1374176,0.4115242428249783
1710364844.1375513,0.7036849525239732
1710364844.1376853,0.9534578190909492
1710364844.137819,1.1433272891574435
1710364844.1379528,1.2631340821584065
1710364844.1380866,1.3030697239769828
1710364844.1382205,1.260681947072347
1710364844.1383543,1.1398241255018446
1710364844.138488,0.9485534164640639
1710364844.1386218,0.7008824083540175
1710364844.1387556,0.41292548179626465
1710364844.1388896,0.0997460385163625
1710364844.1390233,-0.2154931260479821
1710364844.139157,-0.510748889711168
1710364844.1392908,-0.7692290014690822
1710364844.1394246,-0.9758730067147149
1710364844.1395586,-1.1191227700975206
1710364844.1396923,-1.1888213952382405
1710364844.139826,-1.1804155508677165
1710364844.1399598,-1.0949560006459553
1710364844.1400938,-0.9387471278508503
1710364844.1402276,-0.7250982522964478
1710364844.1403613,-0.467668871084849
1710364844.140495,-0.18081896834903294
1710364844.1406288,0.11761197613345252
1710364844.1407628,0.4066198733117845
1710364844.1408966,0.6700549523035685
1710364844.1410303,0.8921531173917983
1710364844.141164,1.0592522223790486
1710364844.141298,1.1622440814971924
1710364844.1414318,1.1937722894880507
1710364844.1415656,1.148932245042589
1710364844.1416993,1.0319278637568157
1710364844.141833,0.852567818429735
1710364844.141967,0.6196098857455783
1710364844.1421008,0.3509201606114705
1710364844.1422346,0.05805883970525529
1710364844.1423683,-0.23825900422202215
1710364844.142502,-0.5198552211125692
1710364844.142636,-0.7695792118708292
1710364844.1427698,-0.9762232171164619
1710364844.1429036,-1.1268281936645508
1710364844.1430373,-1.2122877438863118
1710364844.1431713,-1.225246720843845
1710364844.143305,-1.1653550465901692
1710364844.1434388,-1.0354144705666435
1710364844.1435726,-0.8448817332585652
1710364844.1437063,-0.6049645609325832
1710364844.1438403,-0.3300229377216763
1710364844.143974,-0.03511743826998605
1710364844.1441078,0.2612401379479302
1710364844.1442416,0.5376367767651876
1710364844.1443756,0.7790021763907539
1710364844.1445093,0.9709734386867946
1710364844.144643,1.0998884836832683
1710364844.1447768,1.157339678870307
1710364844.1449106,1.1384228865305583
1710364844.1450446,1.0434881183836195
1710364844.1451783,0.8791915575663248
1710364844.145312,0.6556920872794257
1710364844.1454458,0.3880532913737827
1710364844.1455796,0.09098822044001685
1710364844.1457136,-0.2172443601820204
1710364844.1458473,-0.5135508378346761
1710364844.145981,-0.7828885316848755
1710364844.1461148,-1.0070447127024333
1710364844.1462488,-1.1734106805589464
1710364844.1463826,-1.2679764959547255
1710364844.1465163,-1.2826867898305256
1710364844.14665,-1.2154399024115667
1710364844.1467838,-1.07008867793613
1710364844.1469178,-0.8571402894126045
1710364844.1470516,-0.5906045436859131
1710364844.1471853,-0.28589218854904175
1710364844.147319,0.0380910187959671
1710364844.147453,0.35827673143810695
1710364844.1475868,0.6542908483081393
1710364844.1477206,0.9089681175020006
1710364844.1478543,1.10654440191057
1710364844.147988,1.2330072455936008
1710364844.148122,1.2820510069529216
1710364844.1482558,1.2480706638760037
1710364844.1483896,1.13316814104716
1710364844.1485233,0.9471521774927775
1710364844.1486573,0.7019333706961738
1710364844.148791,0.4143267538812425
1710364844.1489248,0.10114728576607174
1710364844.1490586,-0.21829509072833592
1710364844.1491923,-0.5188044905662537
1710364844.1493263,-0.7832387420866225
1710364844.14946,-0.9975881046719021
1710364844.1495938,-1.1453910668690999
1710364844.1497276,-1.219642824596829
1710364844.1498613,-1.2133385075463188
1710364844.1499953,-1.1271784040662978
1710364844.150129,-0.9692183468076918
1710364844.1502628,-0.75101633866628
1710364844.1503966,-0.48693229754765827
1710364844.1505306,-0.19342775146166483
1710364844.1506643,0.1120069788561927
1710364844.150798,0.40626956356896293
1710364844.1509318,0.6742586692174276
1710364844.1510656,0.899159378475613
1710364844.1511996,1.0673093795776367
1710364844.1513333,1.1699509620666504
1710364844.151467,1.1969251102871366
1710364844.1516008,1.148932245042589
1710364844.1517348,1.026322841644287
1710364844.1518686,0.8403068780899048
1710364844.1520023,0.602444609006246
1710364844.152136,0.325697660446167
1710364844.1522698,0.02828226735194524
1710364844.1524038,-0.27188243137465584
1710364844.1525376,-0.5527781777911716
1710364844.1526713,-0.8032026555803087
1710364844.152805,-1.0073949893315632
1710364844.1529388,-1.154147254096137
1710364844.1530728,-1.233652565214369
1710364844.1532066,-1.2413579887813992
1710364844.1533403,-1.1762126286824544
1710364844.153474,-1.0420691304736667
1710364844.153608,-0.8487343788146973
1710364844.1537418,-0.6091674831178453
1710364844.1538756,-0.33632732099956936
1710364844.1540093,-0.04457402974367142
1710364844.154143,0.24652701285150316
1710364844.154277,0.5180192655987209
1710364844.1544108,0.7537796099980671
1710364844.1545446,0.9387446774376763
1710364844.1546783,1.0638062821494207
1710364844.1548123,1.118104722764757
1710364844.154946,1.0977866252263386
1710364844.1550798,1.0018009609646268
1710364844.1552136,0.8385552962621052
1710364844.1553473,0.6192596091164483
1710364844.1554813,0.3551239106390211
1710364844.155615,0.062262589732805886
1710364844.1557488,-0.23965997828377616
1710364844.1558826,-0.5310630467202928
1710364844.1560163,-0.7951470878389146
1710364844.1561503,-1.0172018077638414
1710364844.156284,-1.1825169457329643
1710364844.1564178,-1.2784838676452637
1710364844.1565516,-1.2966965304480658
1710364844.1566856,-1.235053671730889
1710364844.1568193,-1.0956564876768324
1710364844.156953,-0.8890124824311998
1710364844.1570868,-0.6280806329515245
1710364844.1572206,-0.32757123311360675
1710364844.1573546,-0.006397426542308595
1710364844.1574883,0.31518826882044476
1710364844.157622,0.6133043103747897
1710364844.1577559,0.8714846769968668
1710364844.1578898,1.0746659835179646
1710364844.1580236,1.21023694674174
1710364844.1581573,1.2662869029574924
1710364844.158291,1.2403637833065457
1710364844.1584249,1.1324675877888997
1710364844.1585588,0.9534578190909492
1710364844.1586926,0.7138440344068739
1710364844.1588264,0.42868955267800224
1710364844.15896,0.11691135664780934
1710364844.159094,-0.2032345864507887
1710364844.1592278,-0.5061957240104675
1710364844.1593616,-0.7748328977160983
1710364844.1594954,-0.9926846954557631
1710364844.159629,-1.1464418305291069
1710364844.159763,-1.224196089638604
1710364844.1598969,-1.220693588256836
1710364844.1600306,-1.134533617231581
1710364844.1601644,-0.9730710585912068
1710364844.160298,-0.749615364604526
1710364844.160432,-0.47817617654800415
1710364844.1605659,-0.17556531561745536
1710364844.1606996,0.13933135403527153
1710364844.1608334,0.44410331381691825
1710364844.1609674,0.7204999526341757
1710364844.161101,0.9534578190909492
1710364844.1612349,1.1286140812767875
1710364844.1613686,1.2326569027370877
1710364844.1615024,1.2624335289001465
1710364844.1616364,1.2133897675408256
1710364844.16177,1.0883281628290813
1710364844.1619039,0.899159378475613
1710364844.1620376,0.6560424301359389
1710364844.1621716,0.37474142180548775
1710364844.1623054,0.07347259256574842
1710364844.162439,-0.2302033868100908
1710364844.1625729,-0.5132005943192376
1710364844.1627066,-0.7625743415620592
1710364844.1628406,-0.9639647271898057
1710364844.1629744,-1.1047628190782335
1710364844.163108,-1.1769130494859483
1710364844.1632419,-1.1769130494859483
1710364844.1633756,-1.1019608709547255
1710364844.1635096,-0.9611627790662978
1710364844.1636434,-0.7622241311603122
1710364844.163777,-0.5191547340816921
1710364844.1639109,-0.24491363101535374
1710364844.1640449,0.043345710469616786
1710364844.1641786,0.3285001715024312
1710364844.1643124,0.5915849076377021
1710364844.164446,0.8175365130106608
1710364844.1645799,0.9926928414238824
1710364844.1647139,1.10654440191057
1710364844.1648476,1.1503334840138753
1710364844.1649814,1.1198563045925565
1710364844.165115,1.0168643792470295
1710364844.165249,0.8487143781450059
1710364844.1653829,0.6262658702002631
1710364844.1655166,0.36248048146565753
1710364844.1656504,0.07207134531603919
1710364844.1657841,-0.22775168220202127
1710364844.165918,-0.5135508378346761
1710364844.1660519,-0.7734319236543443
1710364844.1661856,-0.990583234363132
1710364844.1663194,-1.152045726776123
1710364844.1664531,-1.2469618850284152
1710364844.166587,-1.2683268388112385
1710364844.1667209,-1.2108867698245578
1710364844.1668546,-1.079545219739278
1710364844.1669884,-0.8813071250915527
1710364844.1671224,-0.6308825810750326
1710364844.167256,-0.34158100684483844
1710364844.1673899,-0.029513535814152822
1710364844.1675236,0.2836601601706611
1710364844.1676574,0.575820869869656
1710364844.1677914,0.8301477962070041
1710364844.1679251,1.0326284832424588
1710364844.1680589,1.1678491698371039
1710364844.1681926,1.2274022897084553
1710364844.1683266,1.2056828869713676
1710364844.1684604,1.1044425434536405
1710364844.1685941,0.9317384163538615
1710364844.1687279,0.6977296537823147
1710364844.1688616,0.4188808136516147
1710364844.1689956,0.11025541358523898
1710364844.1691294,-0.207787768708335
1710364844.1692631,-0.5110991332266066
1710364844.1693969,-0.7825382550557454
1710364844.1695309,-1.0059940152698092
1710364844.1696646,-1.1657052569919162
1710364844.1697984,-1.2494136227501762
1710364844.1699321,-1.2522155708736844
1710364844.1700659,-1.1709589428371854
1710364844.1701999,-1.0129988855785794
1710364844.1703336,-0.7898934019936455
1710364844.1704674,-0.5163527859581841
1710364844.1706011,-0.20918874277008903
1710364844.170735,0.11235728859901428
1710364844.1708689,0.4251864221360948
1710364844.1710026,0.7110414902369181
1710364844.1711364,0.9517062372631496
1710364844.1712701,1.133868826760186
1710364844.1714041,1.2459688716464572
1710364844.1715379,1.2792485290103488
1710364844.1716716,1.2323066923353407
1710364844.1718054,1.107245021396213
1710364844.1719391,0.9149234162436591
1710364844.1720731,0.6672524081336128
1710364844.1722069,0.38069672054714626
1710364844.1723406,0.07137071755197313
1710364844.1724744,-0.23930973476833767
1710364844.1726084,-0.5303625596894158
1710364844.1727421,-0.7856904798083835
1710364844.172876,-0.990583234363132
1710364844.1730096,-1.133132643169827
1710364844.1731434,-1.2059832943810356
1710364844.1732774,-1.2021307150522869
1710364844.1734111,-1.1229754818810356
1710364844.173545,-0.9765734937455919
1710364844.1736786,-0.7720309495925903
1710364844.1738124,-0.5240581432978312
1710364844.1739464,-0.24631460507710773
1710364844.1740801,0.04439664797650443
1710364844.174214,0.329551100730896
1710364844.1743476,0.5898333258099026
1710364844.1744816,0.8115812142690022
1710364844.1746154,0.9821834166844685
1710364844.1747491,1.0897294018003676
1710364844.174883,1.1265122890472412
1710364844.1750166,1.0893791251712375
1710364844.1751506,0.9807821777131822
1710364844.1752844,0.80702715449863
1710364844.1754181,0.5817761686113145
1710364844.175552,0.31658954090542263
1710364844.175686,0.026881018032630283
1710364844.1758196,-0.2690804832511478
1710364844.1759534,-0.5499762296676636
1710364844.1760871,-0.8042534192403157
1710364844.176221,-1.0161510441038344
1710364844.176355,-1.1716594960954454
1710364844.1764886,-1.2620223893059623
1710364844.1766224,-1.2791844209035237
1710364844.1767561,-1.220343377855089
1710364844.17689,-1.0900525914298163
1710364844.177024,-0.8960173527399699
1710364844.1771576,-0.6490953101052178
1710364844.1772914,-0.3657478425237867
1710364844.1774251,-0.06033501277367274
1710364844.1775591,0.24722763233714634
1710364844.177693,0.5362355377939012
1710364844.1778266,0.787409676445855
1710364844.1779604,0.9870878193113539
1710364844.1780941,1.1230091253916423
1710364844.1782281,1.1857150660620794
1710364844.178362,1.1692504088083904
1710364844.1784956,1.0729144016901653
1710364844.1786294,0.9054650200737847
1710364844.1787634,0.6781121095021566
1710364844.1788971,0.40486829148398507
1710364844.179031,0.10149759550889333
1710364844.1791646,-0.21339166495535108
1710364844.1792984,-0.5139010813501146
1710364844.1794324,-0.7853402031792535
1710364844.1795661,-1.0108974244859483
1710364844.1797,-1.1748116546207004
1710364844.1798337,-1.2644741270277235
1710364844.1799676,-1.2728799713982475
1710364844.1801014,-1.1972272396087646
1710364844.1802351,-1.0434701045354207
1710364844.180369,-0.823516845703125
1710364844.1805027,-0.5492757426367866
1710364844.1806366,-0.2403604653146532
1710364844.1807704,0.08538322316275702
1710364844.1809042,0.40521860122680664
1710364844.181038,0.6991308927536011
1710364844.1811717,0.9489037593205769
1710364844.1813056,1.1405246787601047
1710364844.1814394,1.260331604215834
1710364844.1815732,1.3016684850056965
1710364844.181707,1.2596310509575737
1710364844.181841,1.1391234397888184
1710364844.1819746,0.9485534164640639
1710364844.1821084,0.7005321317248874
1710364844.1822422,0.41187455256779987
1710364844.182376,0.0997460385163625
1710364844.18251,-0.21654387315114337
1710364844.1826437,-0.5125001072883606
1710364844.1827774,-0.7713304625617133
1710364844.1829112,-0.9793754418690999
1710364844.1830451,-1.1236760351392958
1710364844.183179,-1.1940750810835097
1710364844.1833127,-1.1863696575164795
1710364844.1834464,-1.1005598968929715
1710364844.1835802,-0.9450515111287434
1710364844.1837142,-0.7310524251725938
1710364844.183848,-0.47362301084730357
1710364844.1839817,-0.18537215060657924
1710364844.1841154,0.11375853584872352
1710364844.1842492,0.4034670525126987
1710364844.1843832,0.6672524081336128
1710364844.184517,0.8907518784205118
1710364844.1846507,1.0596024990081787
1710364844.1847844,1.1632951100667317
1710364844.1849184,1.19552387131585
1710364844.1850522,1.1510341697269015
1710364844.185186,1.0354309611850314
1710364844.1853197,0.8560709158579508
1710364844.1854534,0.6248646312289767
1710364844.1855874,0.3547736008961995
1710364844.1857212,0.06261290361483891
1710364844.185855,-0.23405606547991434
1710364844.1859887,-0.5146015683809916
1710364844.1861227,-0.7646758026546902
1710364844.1862564,-0.9716700845294528
1710364844.1863902,-1.1226252714792888
1710364844.186524,-1.2066838476392958
1710364844.1866577,-1.219993167453342
1710364844.1867917,-1.1597511503431532
1710364844.1869254,-1.0298105743196275
1710364844.1870592,-0.8389275603824191
1710364844.187193,-0.5983099010255601
1710364844.1873267,-0.3237185544437832
1710364844.1874607,-0.02846280319823159
1710364844.1875944,0.2678960727320777
1710364844.1877282,0.5446430378490024
1710364844.187862,0.7853077517615424
1710364844.187996,0.9765784607993232
1710364844.1881297,1.1054935057957966
1710364844.1882634,1.1622440814971924
1710364844.1883972,1.1422762605879042
1710364844.188531,1.0469912820392184
1710364844.188665,0.8816437588797675
1710364844.1887987,0.6574436691072252
1710364844.1889324,0.3891042206022474
1710364844.1890662,0.0920391579469045
1710364844.1892002,-0.21619362963570488
1710364844.189334,-0.5132005943192376
1710364844.1894677,-0.7818377680248684
1710364844.1896014,-1.0066945023006864
1710364844.1897352,-1.1713091532389324
1710364844.1898692,-1.2655248906877306
1710364844.190003,-1.2805853949652777
1710364844.1901367,-1.2136887179480658
1710364844.1902704,-1.066936453183492
1710364844.1904044,-0.8539880646599664
1710364844.1905382,-0.586751831902398
1710364844.190672,-0.2834404839409722
1710364844.1908057,0.04159414519866308
1710364844.1909394,0.3607288996378581
1710364844.1910734,0.6570933924780952
1710364844.1912072,0.9114203188154433
1710364844.191341,1.1082959837383695
1710364844.1914747,1.2351091702779133
1710364844.1916084,1.2831019030676947
1710364844.1917424,1.2484210067325168
1710364844.1918762,1.1321172449323866
1710364844.19201,0.9475025203492906
1710364844.1921437,0.7026339901818169
1710364844.1922777,0.41397644413842094
1710364844.1924114,0.09939572049511804
1710364844.1925452,-0.2189955777592129
1710364844.192679,-0.5181040035353767
1710364844.1928127,-0.7835890187157525
1710364844.1929467,-0.9972378942701552
1710364844.1930804,-1.1464418305291069
1710364844.1932142,-1.220693588256836
1710364844.193348,-1.2136887179480658
1710364844.193482,-1.1278789573245578
1710364844.1936157,-0.9685178597768147
1710364844.1937494,-0.749965575006273
1710364844.1938832,-0.4855313234859043
1710364844.194017,-0.19097604685359532
1710364844.194151,0.1158604191409217
1710364844.1942847,0.4115242428249783
1710364844.1944184,0.6802139679590861
1710364844.1945522,0.9061656395594279
1710364844.194686,1.076067222489251
1710364844.19482,1.1783585283491347
1710364844.1949537,1.2070841259426541
1710364844.1950874,1.1587410502963595
1710364844.1952212,1.0361315806706746
1710364844.1953552,0.8504658937454224
1710364844.195489,0.6115527285469903
1710364844.1956227,0.33515608972973293
1710364844.1957564,0.03668977154625787
1710364844.1958902,-0.26382681396272445
1710364844.1960242,-0.5461235178841485
1710364844.196158,-0.7972485489315456
1710364844.1962917,-1.0021413034862943
1710364844.1964254,-1.149594121509128
1710364844.1965594,-1.2294496430291069
1710364844.1966932,-1.2382058302561443
1710364844.196827,-1.1730604701571994
1710364844.1969607,-1.0403178797827826
1710364844.1970944,-0.8476836813820733
1710364844.1972284,-0.6084669960869683
1710364844.1973622,-0.33632732099956936
1710364844.197496,-0.04562476028998693
1710364844.1976297,0.24477544758054945
1710364844.1977634,0.5155670642852783
1710364844.1978974,0.749225550227695
1710364844.1980312,0.9345409605238173
1710364844.198165,1.0571503639221191
1710364844.1982987,1.1100475655661688
1710364844.1984327,1.0886785056855943
1710364844.1985664,0.991291602452596
1710364844.1987002,0.8283962143792046
1710364844.198834,0.6073489454057481
1710364844.1989677,0.3435635897848341
1710364844.1991017,0.05105258689986335
1710364844.1992354,-0.25016730030377704
1710364844.1993692,-0.540169378121694
1710364844.199503,-0.8042534192403157
1710364844.199637,-1.0252574417326186
1710364844.1997707,-1.1888213952382405
1710364844.1999044,-1.2840877638922796
1710364844.2000382,-1.300899452633328
1710364844.200172,-1.2378556198543973
1710364844.200306,-1.0981081591712103
1710364844.2004397,-0.8900631798638238
1710364844.2005734,-0.6284309095806545
1710364844.2007072,-0.3286219636599223
1710364844.2008412,-0.0070979151253898936
1710364844.200975,0.3137870298491584
1710364844.2011087,0.6108521090613471
1710364844.2012424,0.8700834380255805
1710364844.2013762,1.0718634393480089
1710364844.2015102,1.2063834402296278
1710364844.201644,1.2624335289001465
1710364844.2017777,1.2358097235361736
1710364844.2019114,1.1279135280185275
1710364844.2020452,0.9485534164640639
1710364844.2021792,0.7085892889234755
1710364844.202313,0.4241354929076301
1710364844.2024467,0.11270759834183587
1710364844.2025805,-0.20708728167745802
1710364844.2027144,-0.5089976721339755
1710364844.2028482,-0.7772846354378594
1710364844.202982,-0.9958369202084011
1710364844.2031157,-1.149594121509128
1710364844.2032495,-1.226297484503852
1710364844.2033834,-1.223495536380344
1710364844.2035172,-1.136985222498576
1710364844.203651,-0.9762232171164619
1710364844.2037847,-0.7531177997589111
1710364844.2039187,-0.4823790987332662
1710364844.2040524,-0.18011848131815592
1710364844.2041862,0.1337263567580117
1710364844.20432,0.4377976722187466
1710364844.2044537,0.7138440344068739
1710364844.2045877,0.9464515580071343
1710364844.2047215,1.1209072007073295
1710364844.2048552,1.225650707880656
1710364844.204989,1.2550769911872015
1710364844.2051227,1.2053325441148546
1710364844.2052567,1.0809716251161363
1710364844.2053905,0.8904015355639987
1710364844.2055242,0.6469343105951945
1710364844.205658,0.36598361200756496
1710364844.205792,0.06436446474658118
1710364844.2059257,-0.23895949125289917
1710364844.2060595,-0.5230074127515157
1710364844.2061932,-0.7720309495925903
1710364844.206327,-0.9730710585912068
1710364844.206461,-1.1138692167070177
1710364844.2065947,-1.1860194471147325
1710364844.2067285,-1.1856692367129855
1710364844.2068622,-1.1107169919543796
1710364844.2069962,-0.9688681364059448
1710364844.20713,-0.7699294884999592
1710364844.2072637,-0.5258093608750237
1710364844.2073975,-0.2515682743655311
1710364844.2075312,0.0380910187959671
1710364844.2076652,0.32429642147488064
1710364844.207799,0.587381190723843
1710364844.2079327,0.8140334155824449
1710364844.2080665,0.9905909167395698
1710364844.2082002,1.1047928200827704
1710364844.2083342,1.1503334840138753
1710364844.208468,1.1195059617360432
1710364844.2086017,1.0175649987326727
1710364844.2087355,0.8501156171162922
1710364844.2088695,0.6283677286571926
1710364844.2090032,0.3656333022647434
1710364844.209137,0.07522415783670214
1710364844.2092707,-0.22284825642903644
1710364844.2094045,-0.5093479156494141
1710364844.2095385,-0.7685285144382052
1710364844.2096722,-0.986730588807
1710364844.209806,-1.1481930149926078
1710364844.2099397,-1.2441599369049072
1710364844.2100737,-1.2651745478312175
1710364844.2102075,-1.2094857957628038
1710364844.2103412,-1.0784945223066542
1710364844.210475,-0.8827080991533067
1710364844.2106087,-0.6326338317659166
1710364844.2107427,-0.3443829549683465
1710364844.2108765,-0.03371646420823203
1710364844.2110102,0.2780551380581326
1710364844.211144,0.5698655049006144
1710364844.211278,0.8234918117523193
1710364844.2114117,1.0245712598164876
1710364844.2115455,1.1597919464111328
1710364844.2116792,1.2203959623972576
1710364844.211813,1.2000779310862224
1710364844.211947,1.099187864197625
1710364844.2120807,0.9268340799543593
1710364844.2122145,0.6949271096123589
1710364844.2123482,0.41677892208099365
1710364844.212482,0.10885416633552975
1710364844.212616,-0.20743752519289652
1710364844.2127497,-0.5100484026802911
1710364844.2128835,-0.7804367939631144
1710364844.2130172,-1.0031920671463013
1710364844.2131512,-1.1622028880649142
1710364844.213285,-1.2469618850284152
1710364844.2134187,-1.2497638331519232
1710364844.2135525,-1.1685072051154242
1710364844.2136862,-1.0115979115168254
1710364844.2138202,-0.7884924279318916
1710364844.213954,-0.5170532729890611
1710364844.2140877,-0.21023947331640455
1710364844.2142215,0.11025541358523898
1710364844.2143555,0.42378518316480845
1710364844.2144892,0.7078886694378322
1710364844.214623,0.9489037593205769
1710364844.2147567,1.130015320248074
1710364844.2148905,1.242115365134345
1710364844.2150245,1.2753950224982367
1710364844.2151582,1.2291538715362549
1710364844.215292,1.1037419239679973
1710364844.2154257,0.9117705954445733
1710364844.2155595,0.6655008925331963
1710364844.2156935,0.37894517183303833
1710364844.2158272,0.07031978004508548
1710364844.215961,-0.2403604653146532
1710364844.2160947,-0.5289615856276618
1710364844.2162287,-0.7832387420866225
1710364844.2163625,-0.988481773270501
1710364844.2164962,-1.1310311158498128
1710364844.21663,-1.2021307150522869
1710364844.2167637,-1.1968770292070177
1710364844.2168977,-1.1173715856340196
1710364844.2170315,-0.9699188338385688
1710364844.2171652,-0.7643255922529433
1710364844.217299,-0.5160025424427456
1710364844.217433,-0.23685801360342237
1710364844.2175667,0.05350477579567167
1710364844.2177005,0.33865922027164036
1710364844.2178342,0.598941445350647
1710364844.217968,0.8210396766662598
1710364844.218102,0.9905909167395698
1710364844.2182357,1.0970860057406955
1710364844.2183695,1.13316814104716
1710364844.2185032,1.0963853200276692
1710364844.218637,0.9856865803400675
1710364844.218771,0.8115812142690022
1710364844.2189047,0.5849289894104004
1710364844.2190385,0.31904170910517377
1710364844.2191722,0.027581643727090623
1710364844.2193062,-0.2687302397357093
1710364844.21944,-0.5510269602139791
1710364844.2195737,-0.8053041166729397
1710364844.2197075,-1.0175520181655884
1710364844.2198412,-1.1744614442189534
1710364844.2199752,-1.2644741270277235
1710364844.220109,-1.2819863690270317
1710364844.2202427,-1.224546300040351
1710364844.2203765,-1.0942555136150784
1710364844.2205105,-0.9009207619561089
1710364844.2206442,-0.6557499037848579
1710364844.220778,-0.37275271283255684
1710364844.2209117,-0.06804038253095415
1710364844.2210455,0.23882013228204516
1710364844.2211795,0.5253758364253573
1710364844.2213132,0.7754990127351549
1710364844.221447,0.9758778413136799
1710364844.2215807,1.110748185051812
1710364844.2217147,1.172753440009223
1710364844.2218485,1.156639125612047
1710364844.2219822,1.060303184721205
1710364844.222116,0.8932040797339545
1710364844.2222497,0.6662015120188395
1710364844.2223837,0.39330797062979805
1710364844.2225175,0.09063791069719526
1710364844.2226512,-0.22249801291359794
1710364844.222785,-0.5226571692360772
1710364844.2229187,-0.7926953501171535
1710364844.2230527,-1.0182525051964653
1710364844.2231865,-1.1818165249294705
1710364844.2233202,-1.2714789973364935
1710364844.223454,-1.2802350521087646
1710364844.223588,-1.2045823203192816
1710364844.2237217,-1.0518759489059448
1710364844.2238555,-0.830871926413642
1710364844.2239892,-0.5576815870073106
1710364844.224123,-0.24981705678833854
1710364844.224257,0.0759247773223453
1710364844.2243907,0.3950595524575975
1710364844.2245245,0.6886214680141872
1710364844.2246583,0.9387446774376763
1710364844.2247922,1.130365663104587
1710364844.224926,1.2508731418185763
1710364844.2250597,1.2922100226084392
1710364844.2251935,1.2515738275316026
1710364844.2253273,1.1310663488176134
1710364844.2254612,0.9411968787511189
1710364844.225595,0.6938762134975857
1710364844.2257288,0.40626956356896293
1710364844.2258625,0.09484166072474585
1710364844.2259963,-0.22074679533640543
1710364844.2261302,-0.5153020554118686
1710364844.226264,-0.7751831743452284
1710364844.2263978,-0.982527666621738
1710364844.2265315,-1.1264779832628038
1710364844.2266655,-1.1968770292070177
1710364844.2267992,-1.1895218160417345
1710364844.226933,-1.1040623320473564
1710364844.2270668,-0.9485539462831285
1710364844.2272005,-0.7349050707287258
1710364844.2273345,-0.47747568951712716
1710364844.2274683,-0.19097604685359532
1710364844.227602,0.10710260106457604
1710364844.2277358,0.3961104816860623
1710364844.2278697,0.6598958704206679
1710364844.2280035,0.8819940355088975
1710364844.2281373,1.0497937599817913
1710364844.228271,1.1527856190999348
1710364844.2284048,1.1850143803490532
1710364844.2285388,1.140875021616618
1710364844.2286725,1.0249216026730008
1710364844.2288063,0.8466124534606934
1710364844.22894,0.6150558259752061
1710364844.229074,0.34671641058391994
1710364844.2292078,0.054906023045380906
1710364844.2293415,-0.2403604653146532
1710364844.2294753,-0.5198552211125692
1710364844.229609,-0.7688787248399522
1710364844.229743,-0.9744720326529609
1710364844.2298768,-1.1236760351392958
1710364844.2300105,-1.2080848217010498
1710364844.2301443,-1.220343377855089
1710364844.230278,-1.159050597084893
1710364844.230412,-1.0287598768870037
1710364844.2305458,-0.8375265863206651
1710364844.2306795,-0.5976094139946831
1710364844.2308133,-0.32301806741290623
1710364844.2309473,-0.028112559682793088
1710364844.231081,0.2682463990317451
1710364844.2312148,0.5446430378490024
1710364844.2313485,0.7856580946180556
1710364844.2314823,0.9765784607993232
1710364844.2316163,1.1054935057957966
1710364844.23175,1.1625944243537054
1710364844.2318838,1.1433272891574435
1710364844.2320175,1.048742863867018
1710364844.2321515,0.8844462368223402
1710364844.2322853,0.6616474522484673
1710364844.232419,0.39435893297195435
1710364844.2325528,0.09729384548134273
1710364844.2326865,-0.21058971683184305
1710364844.2328205,-0.5072464545567831
1710364844.2329543,-0.7755333847469753
1710364844.233088,-1.0007403294245403
1710364844.2332218,-1.1667560206519232
1710364844.2333555,-1.2627229425642226
1710364844.2334895,-1.2784838676452637
1710364844.2336233,-1.2126379542880588
1710364844.233757,-1.069037914276123
1710364844.2338908,-0.8571402894126045
1710364844.2340248,-0.5916552411185371
1710364844.2341585,-0.2886941366725498
1710364844.2342923,0.03493820627530416
1710364844.234426,0.35547422038184273
1710364844.2345598,0.6511380275090536
1710364844.2346938,0.9065159161885579
1710364844.2348275,1.1040922005971272
1710364844.2349613,1.2330072455936008
1710364844.235095,1.2831019030676947
1710364844.235229,1.249822245703803
1710364844.2353628,1.1363209618462455
1710364844.2354965,0.9506553411483765
1710364844.2356303,0.7068377733230591
1710364844.235764,0.41993174288007945
1710364844.235898,0.10640197330050997
1710364844.2360318,-0.21269117792447406
1710364844.2361655,-0.5135508378346761
1710364844.2362993,-0.7786856094996134
1710364844.236433,-0.9933851824866401
1710364844.236567,-1.142238908343845
1710364844.2367008,-1.217541429731581
1710364844.2368345,-1.2122877438863118
1710364844.2369683,-1.1257774300045438
1710364844.2371023,-0.9671168857150607
1710364844.237236,-0.748214324315389
1710364844.2373698,-0.4827293422487047
1710364844.2375035,-0.18817409873008728
1710364844.2376373,0.11901323166158465
1710364844.2377713,0.41677892208099365
1710364844.237905,0.6865196095572578
1710364844.2380388,0.9121209383010864
1710364844.2381725,1.0823728640874226
1710364844.2383065,1.1864157517751057
1710364844.2384403,1.2154916922251384
1710364844.238574,1.1674988269805908
1710364844.2387078,1.044889423582289
1710364844.2388415,0.8574721548292372
1710364844.2389755,0.6185589896308051
1710364844.2391093,0.341111421585083
1710364844.239243,0.04299539658758375
1710364844.2393768,-0.25857316123114693
1710364844.2395108,-0.5419205956988864
1710364844.2396445,-0.7923451397154067
1710364844.2397783,-0.9989890787336562
1710364844.239912,-1.14609162012736
1710364844.2400458,-1.2269980377621121
1710364844.2401798,-1.235053671730889
1710364844.2403135,-1.1695579687754314
1710364844.2404473,-1.0368154446283977
1710364844.240581,-0.8452319436603122
1710364844.2407148,-0.6053147713343302
1710364844.2408488,-0.3335253728760613
1710364844.2409825,-0.04422378622823291
1710364844.2411163,0.24582639336585999
1710364844.24125,0.5148664447996352
1710364844.241384,0.7485249307420518
1710364844.2415178,0.9331396553251479
1710364844.2416515,1.0546981626086764
1710364844.2417853,1.107245021396213
1710364844.241919,1.0844747225443523
1710364844.242053,0.9867375426822238
1710364844.2421868,0.8227911922666762
1710364844.2423205,0.602444609006246
1710364844.2424543,0.337257981300354
1710364844.2425883,0.04509727160135905
1710364844.242722,-0.2568219270971086
1710364844.2428558,-0.5475244919459025
1710364844.2429895,-0.8109080129199557
1710364844.2431233,-1.0333130094740126
1710364844.2432573,-1.1968770292070177
1710364844.243391,-1.2914428446027968
1710364844.2435248,-1.3096556398603652
1710364844.2436585,-1.2473120954301622
1710364844.2437923,-1.1065140035417345
1710364844.2439263,-0.8995197878943549
1710364844.24406,-0.6378874513838027
1710364844.2441938,-0.3377283281750149
1710364844.2443275,-0.01550377243094974
1710364844.2444615,0.3060801492797004
1710364844.2445953,0.6045464674631754
1710364844.244729,0.864478415913052
1710364844.2448628,1.068360341919793
1710364844.2449965,1.202880409028795
1710364844.2451305,1.2596310509575737
1710364844.2452643,1.234408484564887
1710364844.245398,1.1268624994489882
1710364844.2455318,0.9471521774927775
1710364844.2456658,0.7075383928087022
1710364844.2457995,0.4230845636791653
1710364844.2459333,0.10990510384241739
1710364844.246067,-0.21023947331640455
1710364844.2462008,-0.5135508378346761
1710364844.2463348,-0.7828885316848755
1710364844.2464685,-1.0017910930845473
1710364844.2466023,-1.155898438559638
1710364844.246736,-1.234002908070882
1710364844.2468698,-1.230150196287367
1710364844.2470038,-1.1439900928073459
1710364844.2471375,-0.982527666621738
1710364844.2472713,-0.7587216960059272
1710364844.247405,-0.48658205403221977
1710364844.247539,-0.18327067295710245
1710364844.2476728,0.13267541925112405
1710364844.2478065,0.4384983248180813
1710364844.2479403,0.7169967889785767
1710364844.248074,0.9499546554353502
1710364844.248208,1.125461260477702
1710364844.2483418,1.2319563494788275
1710364844.2484756,1.2617328431871202
1710364844.2486093,1.2119885285695393
1710364844.2487433,1.087627543343438
1710364844.248877,0.8974077966478136
1710364844.2490108,0.6532399521933662
1710364844.2491446,0.3719389107492235
1710364844.2492783,0.06856821477413177
1710364844.2494123,-0.23615752657254535
1710364844.249546,-0.5205557081434462
1710364844.2496798,-0.7706299755308363
1710364844.2498136,-0.9730710585912068
1710364844.2499475,-1.1145696375105116
1710364844.2500813,-1.1881208419799805
1710364844.250215,-1.1874204211764865
1710364844.2503488,-1.1142194271087646
1710364844.2504826,-0.9716700845294528
1710364844.2506166,-0.7730817132525973
1710364844.2507503,-0.5296620726585388
1710364844.250884,-0.2550707095199161
1710364844.2510178,0.03458789446287685
1710364844.2511516,0.3200926383336385
1710364844.2512856,0.583527750439114
1710364844.2514193,0.8105302519268459
1710364844.251553,0.9863871998257107
1710364844.2516868,1.1009394460254245
1710364844.2518208,1.145779424243503
1710364844.2519546,1.1163531409369574
1710364844.2520883,1.014061901304457
1710364844.252222,0.8469627963172065
1710364844.2523558,0.6252149078581068
1710364844.2524898,0.36248048146565753
1710364844.2526236,0.07347259256574842
1710364844.2527573,-0.22424923049079046
1710364844.252891,-0.5096981591648525
1710364844.253025,-0.7681782378090752
1710364844.2531588,-0.9842788510852389
1710364844.2532926,-1.1450408564673529
1710364844.2534263,-1.2399570147196453
1710364844.25356,-1.2599209944407146
1710364844.253694,-1.2028311358557806
1710364844.2538278,-1.070438888337877
1710364844.2539616,-0.8736017015245225
1710364844.2540953,-0.6228270133336385
1710364844.254229,-0.3338756163914998
1710364844.254363,-0.02250865308774842
1710364844.2544968,0.2899657686551412
1710364844.2546306,0.5814258257548014
1710364844.2547643,0.8364534378051758
1710364844.2548983,1.0378831624984741
1710364844.255032,1.1734541257222493
1710364844.2551658,1.2326569027370877
1710364844.2552996,1.2123388714260526
1710364844.2554333,1.1114487383100722
1710364844.2555673,0.9387446774376763
1710364844.255701,0.7047358486387465
1710364844.2558348,0.4255367318789164
1710364844.2559686,0.11691135664780934
1710364844.2561026,-0.2011331253581577
1710364844.2562363,-0.504794716835022
1710364844.25637,-0.7762338717778523
1710364844.2565038,-0.9996895657645332
1710364844.2566376,-1.1604515711466472
1710364844.2567716,-1.2462614642249212
1710364844.2569053,-1.2497638331519232
1710364844.257039,-1.1685072051154242
1710364844.2571728,-1.0108974244859483
1710364844.2573066,-0.7884924279318916
1710364844.2574406,-0.5156522989273071
1710364844.2575743,-0.20813801222377354
1710364844.257708,0.11445916361278957
1710364844.2578418,0.4269380039638943
1710364844.2579758,0.7131433486938477
1710364844.2581096,0.9552094009187486
1710364844.2582433,1.137722200817532
1710364844.258377,1.2501725885603163
1710364844.2585108,1.2848534848954942
1710364844.2586448,1.237561305363973
1710364844.2587786,1.1124997668796115
1710364844.2589123,0.9201780954996744
1710364844.259046,0.672507087389628
1710364844.25918,0.3852507803175184
1710364844.2593138,0.07557446757952373
1710364844.2594476,-0.23615752657254535
1710364844.2595813,-0.5272103680504693
1710364844.259715,-0.7832387420866225
1710364844.259849,-0.988832049899631
1710364844.2599828,-1.1313813262515597
1710364844.2601166,-1.2031813462575276
1710364844.2602503,-1.1982780032687717
1710364844.2603843,-1.1180721388922796
1710364844.260518,-0.9688681364059448
1710364844.2606518,-0.7629246181911892
1710364844.2607856,-0.5132005943192376
1710364844.2609193,-0.23335557844903734
1710364844.2610533,0.059109777212142944
1710364844.261187,0.344964861869812
1710364844.2613208,0.6059477064344618
1710364844.2614546,0.8287465572357178
1710364844.2615883,0.9986481401655409
1710364844.2617223,1.1054935057957966
1710364844.261856,1.141225364473131
1710364844.2619898,1.102690961625841
1710364844.2621236,0.991291602452596
1710364844.2622576,0.8168358935250176
1710364844.2623913,0.5887824296951294
1710364844.262525,0.32324545913272434
1710364844.2626588,0.031084768060180876
1710364844.2627926,-0.266278518570794
1710364844.2629266,-0.5499762296676636
1710364844.2630603,-0.8049539062711928
1710364844.263194,-1.0186027818255954
1710364844.2633278,-1.1748116546207004
1710364844.2634618,-1.2672760751512315
1710364844.2635956,-1.2847883171505399
1710364844.2637293,-1.2273482481638591
1710364844.263863,-1.0984584358003404
1710364844.2639968,-0.905473960770501
1710364844.2641308,-0.6624045636918809
1710364844.2642646,-0.3790570961104499
1710364844.2643983,-0.07574574814902411
1710364844.264532,0.23111325171258715
1710364844.2646658,0.5169683363702562
1710364844.2647998,0.7674418555365669
1710364844.2649336,0.9671199984020656
1710364844.2650673,1.1023406849967108
1710364844.265201,1.163995663324992
1710364844.265335,1.1475310060713027
1710364844.2654688,1.0518956846661038
1710364844.2656026,0.8847965796788533
1710364844.2657363,0.6581442885928683
1710364844.26587,0.38560112317403156
1710364844.266004,0.08328134814898173
1710364844.2661378,-0.2291526562637753
1710364844.2662716,-0.5289615856276618
1710364844.2664053,-0.7997002204259236
1710364844.2665393,-1.0242066780726116
1710364844.266673,-1.1881208419799805
1710364844.2668068,-1.2770828935835097
1710364844.2669406,-1.2858389483557806
1710364844.2670743,-1.2108867698245578
1710364844.2672083,-1.056779358122084
1710364844.267342,-0.8364758888880411
1710364844.2674758,-0.5632854832543267
1710364844.2676096,-0.2543702224890391
1710364844.2677433,0.07172102729479472
1710364844.2678773,0.3922570414013333
1710364844.268011,0.6861693329281277
1710364844.2681448,0.9362924761242336
1710364844.2682786,1.1279135280185275
1710364844.2684126,1.24877134958903
1710364844.2685463,1.2904585732354057
1710364844.26868,1.249822245703803
1710364844.2688138,1.1289644241333008
1710364844.2689476,0.9394452969233195
1710364844.2690816,0.6924749082989162
1710364844.2692153,0.40416767199834186
1710364844.269349,0.0920391579469045
1710364844.2694829,-0.22354874345991346
1710364844.2696168,-0.5184542470508151
1710364844.2697506,-0.7772846354378594
1710364844.2698843,-0.9842788510852389
1710364844.270018,-1.1282291677263048
1710364844.2701519,-1.1972272396087646
1710364844.2702858,-1.1895218160417345
1710364844.2704196,-1.1037120554182265
1710364844.2705534,-0.9471529722213745
1710364844.270687,-0.7331538862652248
1710364844.270821,-0.4750239849090576
1710364844.2709548,-0.18642288115289476
1710364844.2710886,0.1120069788561927
1710364844.2712224,0.40136516094207764
1710364844.271356,0.66444993019104
1710364844.27149,0.8868984381357828
1710364844.2716238,1.0550484392378066
1710364844.2717576,1.1576900217268202
1710364844.2718914,1.1888678868611653
1710364844.272025,1.1443781852722168
1710364844.272159,1.0277240806155734
1710364844.2722929,0.8473130729463365
1710364844.2724266,0.6164571311738756
1710364844.2725604,0.3460157910982768
1710364844.2726943,0.053154461913638644
1710364844.272828,-0.2424619264072842
1710364844.2729619,-0.5219566822052002
1710364844.2730956,-0.7720309495925903
1710364844.2732294,-0.9772739807764689
1710364844.2733634,-1.1271784040662978
1710364844.273497,-1.2108867698245578
1710364844.2736309,-1.22279511557685
1710364844.2737646,-1.1615023348066542
1710364844.2738986,-1.0305110613505046
1710364844.2740324,-0.8392778370115492
1710364844.274166,-0.5990103880564371
1710364844.2742999,-0.32301806741290623
1710364844.2744336,-0.028813046713670094
1710364844.2745676,0.2678960727320777
1710364844.2747014,0.5456939670774672
1710364844.274835,0.7870593335893419
1710364844.2749689,0.9783299763997395
1710364844.2751026,1.1086462603674994
1710364844.2752366,1.1664479308658176
1710364844.2753704,1.1482315593295627
1710364844.275504,1.0543478197521634
1710364844.2756379,0.8904015355639987
1710364844.2757719,0.668653647104899
1710364844.2759056,0.40136516094207764
1710364844.2760394,0.10570135381486681
1710364844.276173,-0.2021838559044732
1710364844.2763069,-0.4981400900416904
1710364844.2764409,-0.7664270533455743
1710364844.2765746,-0.991283721394009
1710364844.2767084,-1.157299412621392
1710364844.276842,-1.2525657812754314
1710364844.276976,-1.2697278128729925
1710364844.2771099,-1.2042321099175346
1710364844.2772436,-1.0606320699055989
1710364844.2773774,-0.8494348658455743
1710364844.2775111,-0.583599673377143
1710364844.277645,-0.28098877933290267
1710364844.2777789,0.04159414519866308
1710364844.2779126,0.36213017172283596
1710364844.2780464,0.6574436691072252
1710364844.2781801,0.9117705954445733
1710364844.278314,1.110397842195299
1710364844.2784479,1.2386122014787462
1710364844.2785816,1.28800630569458
1710364844.2787154,1.2547266483306885
1710364844.2788494,1.141575707329644
1710364844.278983,0.9555596775478786
1710364844.2791169,0.7113918330934312
1710364844.2792506,0.42378518316480845
1710364844.2793844,0.11095604134930505
1710364844.2795184,-0.20883849925465053
1710364844.279652,-0.5089976721339755
1710364844.2797859,-0.7737822002834743
1710364844.2799196,-0.988481773270501
1710364844.2800536,-1.137685775756836
1710364844.2801874,-1.2119375334845648
1710364844.2803211,-1.2059832943810356
1710364844.2804549,-1.1191227700975206
1710364844.2805886,-0.9597618050045437
1710364844.2807226,-0.7398084799448649
1710364844.2808564,-0.47397325436274207
1710364844.2809901,-0.1787175072564019
1710364844.2811239,0.12882197896639505
1710364844.2812579,0.4255367318789164
1710364844.2813916,0.6952774524688721
1710364844.2815254,0.9215794006983439
1710364844.2816591,1.091480983628167
1710364844.2817929,1.1944728427463107
1710364844.2819269,1.2224978870815701
1710364844.2820606,1.172753440009223
1710364844.2821944,1.0501441028383043
1710364844.2823281,0.8616759379704793
1710364844.282462,0.6224124299155341
1710364844.2825959,0.34566548135545516
1710364844.2827296,0.04579789936542511
1710364844.2828634,-0.2547204660044776
1710364844.2829971,-0.5370171864827474
1710364844.2831311,-0.7881421513027614
1710364844.2832649,-0.9933851824866401
1710364844.2833986,-1.13908674981859
1710364844.2835324,-1.218592193391588
1710364844.2836661,-1.225947274102105
1710364844.2838001,-1.1601013607449002
1710364844.2839339,-1.0256076521343656
1710364844.2840676,-0.832272900475396
1710364844.2842014,-0.5927060047785441
1710364844.2843354,-0.3202161192893982
1710364844.2844691,-0.03091451194551256
1710364844.2846029,0.25913826293415493
1710364844.2847366,0.5281783474816216
1710364844.2848704,0.7614864905675252
1710364844.2850044,0.9446999761793349
1710364844.2851381,1.0666087600919936
1710364844.285272,1.118104722764757
1710364844.2854056,1.0946338044272528
1710364844.2855394,0.9965462817086114
1710364844.2856734,0.8318993780348036
1710364844.2858071,0.6098011467191908
1710364844.285941,0.34461451901329887
1710364844.2860746,0.051753210524717964
1710364844.2862086,-0.2522687613964081
1710364844.2863424,-0.5436718132760789
1710364844.2864761,-0.8091568284564548
1710364844.28661,-1.0305110613505046
1710364844.2867436,-1.1958262655470107
1710364844.2868776,-1.2924936082628038
1710364844.2870114,-1.313158008787367
1710364844.2871451,-1.2511648072136772
1710364844.287279,-1.1145696375105116
1710364844.287413,-0.907925632264879
1710364844.2875466,-0.6483948230743408
1710364844.2876804,-0.34963660769992405
1710364844.2878141,-0.028112559682793088
1710364844.287948,0.2917173504829407
1710364844.288082,0.5905339452955458
1710364844.2882156,0.8487143781450059
1710364844.2883494,1.0529465807808769
1710364844.2884831,1.1892182297176785
1710364844.288617,1.2459688716464572
1710364844.288751,1.2210966481102836
1710364844.2888846,1.1153022448221843
1710364844.2890184,0.9373434384663899
1710364844.2891521,0.6987805498970879
1710364844.2892861,0.4146770636240641
1710364844.28942,0.1039497885439131
1710364844.2895536,-0.2151428825325436
1710364844.2896874,-0.5181040035353767
1710364844.2898211,-0.7856904798083835
1710364844.2899551,-1.0045930412080553
1710364844.290089,-1.1583501762813992
1710364844.2902226,-1.23680485619439
1710364844.2903564,-1.232952144410875
1710364844.2904904,-1.1457414097256131
1710364844.2906241,-0.9842788510852389
1710364844.290758,-0.7597723934385512
1710364844.2908916,-0.48728254106309676
1710364844.2910254,-0.18397115998797947
1710364844.2911594,0.13232510950830248
1710364844.2912931,0.4388486345609029
1710364844.291427,0.7169967889785767
1710364844.2915606,0.9513559606340196
1710364844.2916946,1.125811603334215
1710364844.2918284,1.2319563494788275
1710364844.2919621,1.2613826327853732
1710364844.292096,1.2119885285695393
1710364844.2922297,1.0862263043721516
1710364844.2923636,0.8956562148200141
1710364844.2924974,0.6518386469946967
1710364844.2926311,0.3691364328066508
1710364844.292765,0.06576571613550186
1710364844.2928987,-0.23930973476833767
1710364844.2930326,-0.5240581432978312
1710364844.2931664,-0.7748328977160983
1710364844.2933002,-0.9765734937455919
1710364844.293434,-1.1180721388922796
1710364844.293568,-1.1909227901034884
1710364844.2937016,-1.1909227901034884
1710364844.2938354,-1.1159706115722656
1710364844.2939692,-0.9741217560238308
1710364844.294103,-0.7755333847469753
1710364844.294237,-0.5317635337511698
1710364844.2943707,-0.25822291771570843
1710364844.2945044,0.031084768060180876
1710364844.2946382,0.3158888883060879
1710364844.2947721,0.5789736244413588
1710364844.294906,0.8049252960417006
1710364844.2950397,0.9804319010840522
1710364844.2951734,1.0935828420850966
1710364844.2953072,1.1384228865305583
1710364844.2954412,1.1089966032240126
1710364844.295575,1.006355020734999
1710364844.2957087,0.8396061923768785
1710364844.2958424,0.6189092662599351
1710364844.2959762,0.35652514961030746
1710364844.2961102,0.06751727726724413
1710364844.296244,-0.22810192571745977
1710364844.2963777,-0.512850350803799
1710364844.2965114,-0.7699294884999592
1710364844.2966454,-0.9846291277143691
1710364844.2967792,-1.1453910668690999
1710364844.296913,-1.238906251059638
1710364844.2970467,-1.2585200203789604
1710364844.2971804,-1.2007297409905326
1710364844.2973144,-1.069037914276123
1710364844.2974482,-0.8715002404318916
1710364844.297582,-0.6203752756118774
1710364844.2977157,-0.33212439881430733
1710364844.2978497,-0.02075743344095018
1710364844.2979834,0.2924179699685838
1710364844.2981172,0.5845786465538872
1710364844.298251,0.8392559157477485
1710364844.2983847,1.0424372222688463
1710364844.2985187,1.1787088712056477
1710364844.2986524,1.2396632300482855
1710364844.2987862,1.2200457519955106
1710364844.29892,1.1195059617360432
1710364844.2990537,0.9475025203492906
1710364844.2991877,0.7152452733781602
1710364844.2993214,0.43639643324746025
1710364844.2994552,0.12882197896639505
1710364844.299589,-0.1895750727918413
1710364844.299723,-0.49323668082555133
1710364844.2998567,-0.7657265663146973
1710364844.2999904,-0.990233023961385
1710364844.3001242,-1.151695516374376
1710364844.300258,-1.238906251059638
1710364844.300392,-1.2438097265031602
1710364844.3005257,-1.1646544933319092
1710364844.3006594,-1.0080954763624403
1710364844.3007932,-0.7863909668392605
1710364844.3009272,-0.5132005943192376
1710364844.301061,-0.206386794646581
1710364844.3011947,0.1158604191409217
1710364844.3013284,0.429740481906467
1710364844.3014622,0.7162961694929335
1710364844.3015962,0.9594131178326076
1710364844.30173,1.1433272891574435
1710364844.3018637,1.256828573015001
1710364844.3019974,1.2922100226084392
1710364844.3021314,1.2456185287899442
1710364844.3022652,1.1212575435638428
1710364844.302399,0.9289359384112887
1710364844.3025327,0.6805643108155992
1710364844.3026664,0.39330797062979805
1710364844.3028004,0.08188009262084961
1710364844.3029342,-0.2302033868100908
1710364844.303068,-0.5226571692360772
1710364844.3032017,-0.7793860965304904
1710364844.3033354,-0.986030101776123
1710364844.3034694,-1.1299803521898057
1710364844.3036032,-1.2024809254540336
1710364844.303737,-1.1979277928670247
1710364844.3038707,-1.1184223492940266
1710364844.3040047,-0.9692183468076918
1710364844.3041384,-0.7629246181911892
1710364844.3042722,-0.5125001072883606
1710364844.304406,-0.23230484790272182
1710364844.3045397,0.06016071471903059
1710364844.3046737,0.3474170300695631
1710364844.3048074,0.6094508700900607
1710364844.3049412,0.8315490351782905
1710364844.305075,1.0021512375937567
1710364844.305209,1.1096972227096558
1710364844.3053427,1.145779424243503
1710364844.3054764,1.1075953642527263
1710364844.3056102,0.9972469011942545
1710364844.305744,0.8227911922666762
1710364844.305878,0.595088005065918
1710364844.3060117,0.3285001715024312
1710364844.3061454,0.03668977154625787
1710364844.3062792,-0.2606746223237779
1710364844.306413,-0.5436718132760789
1710364844.306547,-0.7993500100241767
1710364844.3066807,-1.0115979115168254
1710364844.3068144,-1.1695579687754314
1710364844.3069482,-1.2606214152442083
1710364844.3070822,-1.2798848417070177
1710364844.307216,-1.223495536380344
1710364844.3073497,-1.0949560006459553
1710364844.3074834,-0.9030222230487399
1710364844.3076172,-0.66030310259925
1710364844.3077512,-0.3797576162550184
1710364844.307885,-0.07854770455095503
1710364844.3080187,0.22690950168503654
1710364844.3081524,0.5120639668570625
1710364844.3082864,0.760785871081882
1710364844.3084202,0.9587124983469645
1710364844.308554,1.0932325654559665
1710364844.3086877,1.1538366476694744
1710364844.3088214,1.1370216475592718
1710364844.3089554,1.04103598329756
1710364844.3090892,0.8735865354537964
1710364844.309223,0.6472845872243246
1710364844.3093567,0.37474142180548775
1710364844.3094904,0.07172102729479472
1710364844.3096244,-0.24106095234553018
1710364844.3097582,-0.540869865152571
1710364844.309892,-0.8109080129199557
1710364844.3100257,-1.0361149575975206
1710364844.3101597,-1.1996789773305256
1710364844.3102934,-1.2903922133975558
1710364844.3104272,-1.29879805776808
1710364844.310561,-1.224546300040351
1710364844.3106947,-1.07008867793613
1710364844.3108287,-0.8497851424747043
1710364844.3109624,-0.5762445264392428
1710364844.3110962,-0.26802973614798653
1710364844.31123,0.05946008695496453
1710364844.311364,0.37999610106150306
1710364844.3114977,0.6753096315595839
1710364844.3116314,0.9254327747556899
1710364844.3117652,1.11845506562127
1710364844.311899,1.2407141261630588
1710364844.312033,1.2820510069529216
1710364844.3121667,1.2431662612491183
1710364844.3123004,1.122308439678616
1710364844.3124342,0.9341906176673042
1710364844.3125682,0.6872202290429009
1710364844.312702,0.3989129927423265
1710364844.3128357,0.08713478015528785
1710364844.3129694,-0.2284521692328983
1710364844.3131032,-0.5237078997823927
1710364844.3132372,-0.7828885316848755
1710364844.313371,-0.990583234363132
1710364844.3135047,-1.1341832743750677
1710364844.3136384,-1.2045823203192816
1710364844.3137722,-1.1965268188052707
1710364844.3139062,-1.1096662282943726
1710364844.31404,-0.9534573554992676
1710364844.3141737,-0.7398084799448649
1710364844.3143075,-0.48027763764063514
1710364844.3144414,-0.1920267773999108
1710364844.3145752,0.10710260106457604
1710364844.314709,0.3968111011717054
1710364844.3148427,0.6609468327628242
1710364844.3149765,0.8833952744801838
1710364844.3151104,1.0511949989530776
1710364844.3152442,1.1552378866407607
1710364844.315378,1.1867659621768527
1710364844.3155117,1.1422762605879042
1710364844.3156457,1.025622222158644
1710364844.3157794,0.8459118339750502
1710364844.3159132,0.6136545870039198
1710364844.316047,0.3442642092704773
1710364844.3161807,0.051753210524717964
1710364844.3163147,-0.2445633874999152
1710364844.3164485,-0.5244083868132697
1710364844.3165822,-0.7748328977160983
1710364844.316716,-0.981126692559984
1710364844.3168497,-1.1313813262515597
1710364844.3169837,-1.216140455669827
1710364844.3171175,-1.2287492222256131
1710364844.3172512,-1.1685072051154242
1710364844.317385,-1.0382164186901517
1710364844.317519,-0.8487343788146973
1710364844.3176527,-0.6091674831178453
1710364844.3177865,-0.3345761034223768
1710364844.3179202,-0.03967061224910948
1710364844.318054,0.2552848226494259
1710364844.318188,0.5323820975091722
1710364844.3183217,0.7740977737638686
1710364844.3184555,0.9660690360599093
1710364844.3185892,1.0960350433985393
1710364844.3187232,1.1548875437842474
1710364844.318857,1.1384228865305583
1710364844.3189907,1.0445390807257757
1710364844.3191245,0.8826946549945407
1710364844.3192582,0.6612971093919542
1710364844.3193922,0.3957601719432407
1710364844.319526,0.10149759550889333
1710364844.3196597,-0.20533604754341972
1710364844.3197935,-0.5009420381651984
1710364844.3199275,-0.7678280274073283
1710364844.3200612,-0.991984208424886
1710364844.320195,-1.1579999658796523
1710364844.3203287,-1.2539667553371854
1710364844.3204625,-1.2700780232747395
1710364844.3205965,-1.2049326631757948
1710364844.3207302,-1.061682767338223
1710364844.320864,-0.8501353528764513
1710364844.3209977,-0.585000647438897
1710364844.3211315,-0.2827399969100952
1710364844.3212655,0.040543207691775426
1710364844.3213992,0.3607288996378581
1710364844.321533,0.6574436691072252
1710364844.3216667,0.9121209383010864
1710364844.3218007,1.1100475655661688
1710364844.3219345,1.2386122014787462
1710364844.3220682,1.288356648551093
1710364844.322202,1.2547266483306885
1710364844.3223357,1.140875021616618
1710364844.3224697,0.9559100204043918
1710364844.3226035,0.7117421097225612
1710364844.3227372,0.4234348734219869
1710364844.322871,0.11025541358523898
1710364844.323005,-0.20988922980096605
1710364844.3231387,-0.510748889711168
1710364844.3232725,-0.7769343588087294
1710364844.3234062,-0.991283721394009
1710364844.32354,-1.141538487540351
1710364844.323674,-1.216140455669827
1710364844.3238077,-1.2105365594228108
1710364844.3239415,-1.1236760351392958
1710364844.3240752,-0.9646652142206827
1710364844.324209,-0.744361678759257
1710364844.324343,-0.47852642006344265
1710364844.3244767,-0.18292042944166395
1710364844.3246105,0.12496853868166605
1710364844.3247442,0.4230845636791653
1710364844.3248782,0.6928252511554294
1710364844.325012,0.9191271993849013
1710364844.3251457,1.0886785056855943
1710364844.3252795,1.1920207076602511
1710364844.3254132,1.2203959623972576
1710364844.3255472,1.1710019906361897
1710364844.325681,1.0476919015248616
1710364844.3258147,0.8602746327718098
1710364844.3259485,0.6210111909442477
1710364844.3260825,0.3439138995276557
1710364844.3262162,0.04439664797650443
1710364844.32635,-0.2561214400662316
1710364844.3264837,-0.5387684040599399
1710364844.3266175,-0.7884924279318916
1710364844.3267515,-0.9923344850540161
1710364844.3268852,-1.137685775756836
1710364844.327019,-1.2154399024115667
1710364844.3271527,-1.22209456231859
1710364844.3272865,-1.154847674899631
1710364844.3274205,-1.0200037558873494
1710364844.3275542,-0.825618306795756
1710364844.327688,-0.585701134469774
1710364844.3278217,-0.31286097235149807
1710364844.3279557,-0.022858898672792647
1710364844.3280895,0.26649483376079136
1710364844.3282232,0.5344839559661018
1710364844.328357,0.7670915126800537
1710364844.3284907,0.9499546554353502
1710364844.3286247,1.0711628198623657
1710364844.3287585,1.1212575435638428
1710364844.3288922,1.0970860057406955
1710364844.329026,0.9979475206798977
1710364844.32916,0.8318993780348036
1710364844.3292937,0.6098011467191908
1710364844.3294275,0.34461451901329887
1710364844.3295612,0.050351959135797285
1710364844.329695,-0.2522687613964081
1710364844.329829,-0.5440220567915175
1710364844.3299627,-0.8088065518273247
1710364844.3300965,-1.0308613379796345
1710364844.3302302,-1.1965268188052707
1710364844.3303642,-1.2921433978610568
1710364844.330498,-1.3117570347256131
1710364844.3306317,-1.2511648072136772
1710364844.3307655,-1.1138692167070177
1710364844.3308992,-0.908275908894009
1710364844.3310332,-0.6487450334760878
1710364844.331167,-0.35103758176167804
1710364844.3313007,-0.03126475546095106
1710364844.3314345,0.28891483942667645
1710364844.3315682,0.5856296088960435
1710364844.3317022,0.8441603183746338
1710364844.331836,1.0466409391827054
1710364844.3319697,1.180460320578681
1710364844.3321035,1.237561305363973
1710364844.3322375,1.211287842856513
1710364844.3323712,1.1051431629392836
1710364844.332505,0.926133460468716
1710364844.3326387,0.6861693329281277
1710364844.3327725,0.40206581354141235
1710364844.3329065,0.0902875926759508
1710364844.3330402,-0.2291526562637753
1710364844.333174,-0.5310630467202928
1710364844.3333077,-0.7997002204259236
1710364844.3334417,-1.0182525051964653
1710364844.3335755,-1.1720097064971924
1710364844.3337092,-1.2494136227501762
1710364844.333843,-1.2455609109666612
1710364844.3339767,-1.1583501762813992
1710364844.3341107,-0.9954866435792711
1710364844.3342445,-0.7706299755308363
1710364844.3343782,-0.4981400900416904
1710364844.334512,-0.19342775146166483
1710364844.3346457,0.12286666366789076
1710364844.3347797,0.4311417539914449
1710364844.3349135,0.7089396317799886
1710364844.3350472,0.9436490800645616
1710364844.335181,1.11845506562127
1710364844.335315,1.225650707880656
1710364844.3354487,1.2554272015889485
1710364844.3355825,1.2056828869713676
1710364844.3357162,1.0809716251161363
1710364844.33585,0.8897009160783556
1710364844.335984,0.6458833482530382
1710364844.3361177,0.36318110095130074
1710364844.3362515,0.05981040083699756
1710364844.3363853,-0.24561411804623073
1710364844.3365192,-0.5293118291431003
1710364844.336653,-0.7804367939631144
1710364844.3367867,-0.981827179590861
1710364844.3369205,-1.1254272196027968
1710364844.3370543,-1.1972272396087646
1710364844.3371882,-1.1972272396087646
1710364844.337322,-1.1229754818810356
1710364844.3374557,-0.981126692559984
1710364844.3375895,-0.7825382550557454
1710364844.3377233,-0.5387684040599399
1710364844.3378572,-0.2645273009936015
1710364844.337991,0.02372820344236162
1710364844.3381248,0.30818204085032147
1710364844.3382585,0.5709164672427707
1710364844.3383925,0.7961674531300862
1710364844.3385262,0.9716740581724379
1710364844.33866,1.0851753420299954
1710364844.3387938,1.1286140812767875
1710364844.3389275,1.0977866252263386
1710364844.3390615,0.9954953193664551
1710364844.3391953,0.8273452520370483
1710364844.339329,0.606648325920105
1710364844.3394628,0.3435635897848341
1710364844.3395967,0.05560665080944697
1710364844.3397305,-0.2417614393764072
1710364844.3398643,-0.5261596043904623
1710364844.339998,-0.7832387420866225
1710364844.3401318,-0.9982885917027791
1710364844.3402658,-1.1583501762813992
1710364844.3403995,-1.2511648072136772
1710364844.3405333,-1.2700780232747395
1710364844.340667,-1.2112369802263048
1710364844.340801,-1.0788447327084012
1710364844.3409348,-0.8802563614315456
1710364844.3410685,-0.6287811199824015
1710364844.3412023,-0.3387790587213304
1710364844.341336,-0.026361337966389127
1710364844.34147,0.28716325759887695
1710364844.3416038,0.5803749296400282
1710364844.3417375,0.8368037144343058
1710364844.3418713,1.0389340586132474
1710364844.342005,1.1766069465213351
1710364844.342139,1.2386122014787462
1710364844.3422728,1.218994723425971
1710364844.3424065,1.1191556188795302
1710364844.3425403,0.9475025203492906
1710364844.3426743,0.7152452733781602
1710364844.342808,0.4370970527331034
1710364844.3429418,0.1298729164732827
1710364844.3430755,-0.18817409873008728
1710364844.3432093,-0.49218595027923584
1710364844.3433433,-0.7643255922529433
1710364844.343477,-0.989182260301378
1710364844.3436108,-1.150294542312622
1710364844.3437445,-1.237155066596137
1710364844.3438785,-1.2420585420396593
1710364844.3440123,-1.1629033088684082
1710364844.344146,-1.0073949893315632
1710364844.3442798,-0.7846397161483765
1710364844.3444135,-0.5117996202574836
1710364844.3445475,-0.20533604754341972
1710364844.3446813,0.11726166639063093
1710364844.344815,0.43044113450580174
1710364844.3449488,0.7166465123494467
1710364844.3450825,0.9594131178326076
1710364844.3452165,1.1436774995591905
1710364844.3453503,1.256478230158488
1710364844.345484,1.2918598122066922
1710364844.3456178,1.2463190820482042
1710364844.3457518,1.122308439678616
1710364844.3458855,0.929986900753445
1710364844.3460193,0.6830165121290419
1710364844.346153,0.3957601719432407
1710364844.3462868,0.08643416066964467
1710364844.3464208,-0.22565020455254448
1710364844.3465545,-0.5170532729890611
1710364844.3466883,-0.7727314366234673
1710364844.346822,-0.9779744678073459
1710364844.346956,-1.1208740870157878
1710364844.3470898,-1.1919735537634955
1710364844.3472235,-1.1874204211764865
1710364844.3473573,-1.1075647672017415
1710364844.347491,-0.9587110413445367
1710364844.347625,-0.752067036098904
1710364844.3477588,-0.5016425251960754
1710364844.3478925,-0.22284825642903644
1710364844.3480263,0.06961915228101942
1710364844.34816,0.3551239106390211
1710364844.348294,0.6157565116882324
1710364844.3484278,0.8375043339199489
1710364844.3485615,1.0056544012493558
1710364844.3486953,1.1117990811665852
1710364844.3488293,1.1464801099565294
1710364844.348963,1.1082959837383695
1710364844.3490968,0.9961959388520982
1710364844.3492305,0.8213899532953898
1710364844.3493643,0.5940371089511447
1710364844.3494983,0.3277995189030965
1710364844.349632,0.03668977154625787
1710364844.3497658,-0.2603243788083394
1710364844.3498995,-0.542270839214325
1710364844.3500335,-0.7958475748697916
1710364844.3501673,-1.0070447127024333
1710364844.350301,-1.1632535192701552
1710364844.3504348,-1.2525657812754314
1710364844.3505685,-1.2707784440782335
1710364844.3507025,-1.2136887179480658
1710364844.3508363,-1.0840984185536702
1710364844.35097,-0.8925149175855849
1710364844.3511038,-0.6494455205069648
1710364844.3512378,-0.3692502776781718
1710364844.3513715,-0.06804038253095415
1710364844.3515053,0.23636794752544826
1710364844.351639,0.5197708143128289
1710364844.3517728,0.7674418555365669
1710364844.3519068,0.964667797088623
1710364844.3520405,1.0974362823698256
1710364844.3521743,1.157339678870307
1710364844.352308,1.1391234397888184
1710364844.3524418,1.0417366027832031
1710364844.3525758,0.8735865354537964
1710364844.3527095,0.6469343105951945
1710364844.3528433,0.3733401828342014
1710364844.352977,0.07067008978790706
1710364844.353111,-0.2417614393764072
1710364844.3532448,-0.5419205956988864
1710364844.3533785,-0.8126592636108398
1710364844.3535123,-1.0375159316592746
1710364844.353646,-1.2014301617940266
1710364844.35378,-1.2921433978610568
1710364844.3539138,-1.300899452633328
1710364844.3540475,-1.2269980377621121
1710364844.3541813,-1.074291600121392
1710364844.3543153,-0.8539880646599664
1710364844.354449,-0.5814982122845119
1710364844.3545828,-0.2739838924672868
1710364844.3547165,0.05245383828878403
1710364844.3548503,0.37369049257702297
1710364844.3549843,0.668303370475769
1710364844.355118,0.9198278188705444
1710364844.3552518,1.1124997668796115
1710364844.3553855,1.2347588274214003
1710364844.3555193,1.2771466043260362
1710364844.3556533,1.237561305363973
1710364844.355787,1.1188054084777832
1710364844.3559208,0.9292862150404189
1710364844.3560545,0.6830165121290419
1710364844.3561885,0.3957601719432407
1710364844.3563223,0.08328134814898173
1710364844.356456,-0.23265509141816032
1710364844.3565898,-0.5279108550813463
1710364844.3567235,-0.7867411772410074
1710364844.3568575,-0.9951364331775241
1710364844.3569913,-1.139436960220337
1710364844.357125,-1.2094857957628038
1710364844.3572588,-1.2021307150522869
1710364844.3573928,-1.1166711648305256
1710364844.3575265,-0.9597618050045437
1710364844.3576603,-0.745062165790134
1710364844.357794,-0.4858815670013428
1710364844.3579278,-0.19763069020377264
1710364844.3580618,0.10219822327295938
1710364844.3581955,0.39260735114415485
1710364844.3583293,0.656743049621582
1710364844.358463,0.8791915575663248
1710364844.3585968,1.0473415586683485
1710364844.3587308,1.1506838268703885
1710364844.3588645,1.1832629309760199
1710364844.3589983,1.1391234397888184
1710364844.359132,1.022469401359558
1710364844.359266,0.8420583936903212
1710364844.3593998,0.610151489575704
1710364844.3595335,0.3404107689857483
1710364844.3596673,0.047899774379200406
1710364844.359801,-0.24911656975746155
1710364844.359935,-0.5289615856276618
1710364844.3600688,-0.7786856094996134
1710364844.3602026,-0.9856798251469929
1710364844.3603363,-1.134533617231581
1710364844.3604703,-1.219993167453342
1710364844.360604,-1.232251591152615
1710364844.3607378,-1.1709589428371854
1710364844.3608716,-1.0410183668136597
1710364844.3610053,-0.8508358399073283
1710364844.3611393,-0.6109186675813463
1710364844.361273,-0.33667756451500785
1710364844.3614068,-0.04142183396551344
1710364844.3615406,0.2535332573784722
1710364844.3616745,0.5302802059385512
1710364844.3618083,0.7712952958212959
1710364844.361942,0.9625659386316935
1710364844.3620758,1.0925318797429402
1710364844.3622096,1.1510341697269015
1710364844.3623435,1.133868826760186
1710364844.3624773,1.0396346780988905
1710364844.362611,0.8767393562528822
1710364844.3627448,0.6556920872794257
1710364844.3628786,0.39015518294440377
1710364844.3630126,0.09554228848881191
1710364844.3631463,-0.21129020386272007
1710364844.36328,-0.5058454473813375
1710364844.3634138,-0.7734319236543443
1710364844.3635478,-0.9979383813010322
1710364844.3636816,-1.1629033088684082
1710364844.3638153,-1.2578194671207004
1710364844.363949,-1.2739307350582547
1710364844.3640828,-1.2073842684427898
1710364844.3642168,-1.0637842284308539
1710364844.3643506,-0.8518866035673354
1710364844.3644843,-0.585701134469774
1710364844.364618,-0.2816892663637797
1710364844.364752,0.042294772962729134
1710364844.3648858,0.3638817204369439
1710364844.3650196,0.6612971093919542
1710364844.3651533,0.9170252747005886
1710364844.365287,1.1167034837934706
1710364844.365421,1.2470197677612305
1710364844.3655548,1.2974647680918376
1710364844.3656886,1.265236006842719
1710364844.3658223,1.1517347229851616
1710364844.365956,0.9674703412585788
1710364844.36609,0.7233024305767483
1710364844.3662238,0.4356958137618171
1710364844.3663576,0.12251635392506917
1710364844.3664913,-0.19833117723464966
1710364844.3666253,-0.4995410641034444
1710364844.366759,-0.7674777507781982
1710364844.3668928,-0.982877877023485
1710364844.3670266,-1.1341832743750677
1710364844.3671603,-1.2094857957628038
1710364844.3672943,-1.2052828735775418
1710364844.367428,-1.1205237441592746
1710364844.3675618,-0.9611627790662978
1710364844.3676956,-0.741909941037496
1710364844.3678296,-0.4760747154553731
1710364844.3679633,-0.1804687248335944
1710364844.368097,0.12707042197386423
1710364844.3682308,0.4251864221360948
1710364844.3683646,0.6949271096123589
1710364844.3684986,0.9229806396696303
1710364844.3686323,1.0928822225994534
1710364844.368766,1.1962244245741103
1710364844.3688998,1.2249500221676297
1710364844.3690336,1.176256603664822
1710364844.3691676,1.0532969236373901
1710364844.3693013,0.8658796548843384
1710364844.369435,0.62556525071462
1710364844.3695688,0.3484679592980279
1710364844.3697028,0.04825008412202199
1710364844.3698366,-0.2529692484272851
1710364844.3699703,-0.5359664559364319
1710364844.370104,-0.7860406902101305
1710364844.3702378,-0.990583234363132
1710364844.3703718,-1.136985222498576
1710364844.3705056,-1.2150896920098198
1710364844.3706393,-1.222444772720337
1710364844.370773,-1.155548228157891
1710364844.370907,-1.0200037558873494
1710364844.3710408,-0.826318793826633
1710364844.3711746,-0.586401621500651
1710364844.3713083,-0.31391170289781356
1710364844.371442,-0.023559385703669652
1710364844.371576,0.2654438879754808
1710364844.3717098,0.5334330267376369
1710364844.3718436,0.7663908931944106
1710364844.3719773,0.9489037593205769
1710364844.3721113,1.0701119237475925
1710364844.372245,1.1205568578508165
1710364844.3723788,1.0970860057406955
1710364844.3725126,0.998998483022054
1710364844.3726463,0.8336508936352199
1710364844.3727803,0.6133043103747897
1710364844.372914,0.348818302154541
1710364844.3730478,0.05560665080944697
1710364844.3731816,-0.24561411804623073
1710364844.3733153,-0.5366669429673089
1710364844.3734493,-0.8000504970550537
1710364844.373583,-1.0228057040108574
1710364844.3737168,-1.1884711848364935
1710364844.3738506,-1.2847883171505399
1710364844.3739846,-1.305452717675103
1710364844.3741183,-1.2455609109666612
1710364844.374252,-1.1096662282943726
1710364844.3743858,-0.906524658203125
1710364844.3745196,-0.6487450334760878
1710364844.3746536,-0.35173806879255504
1710364844.3747873,-0.03441695123910904
1710364844.374921,0.28436077965630424
1710364844.3750548,0.5803749296400282
1710364844.3751888,0.8378546767764621
1710364844.3753226,1.0396346780988905
1710364844.3754563,1.1738044685787625
1710364844.37559,1.2312556637658012
1710364844.3757238,1.2049822012583415
1710364844.3758578,1.098837521341112
1710364844.3759916,0.9201780954996744
1710364844.3761253,0.6809145874447292
1710364844.376259,0.39716141091452706
1710364844.3763928,0.0860838426484002
1710364844.3765268,-0.23405606547991434
1710364844.3766606,-0.5359664559364319
1710364844.3767943,-0.8056543933020698
1710364844.376928,-1.0256076521343656
1710364844.377062,-1.1797149976094563
1710364844.3771958,-1.2585200203789604
1710364844.3773296,-1.2546673085954454
1710364844.3774633,-1.1692077583736844
1710364844.377597,-1.0070447127024333
1710364844.377731,-0.7818377680248684
1710364844.3778648,-0.5093479156494141
1710364844.3779986,-0.20428531699710423
1710364844.3781323,0.11340822610590193
1710364844.3782663,0.422033601337009
1710364844.3784,0.7015830940670437
1710364844.3785338,0.9373434384663899
1710364844.3786676,1.114251348707411
1710364844.3788013,1.222147544225057
1710364844.3789353,1.252975066502889
1710364844.379069,1.2039313051435683
1710364844.3792028,1.0795703199174669
1710364844.3793366,0.8890002965927124
1710364844.3794703,0.645182728767395
1710364844.3796043,0.36248048146565753
1710364844.379738,0.05840914944807688
1710364844.3798718,-0.24666484859254625
1710364844.3800056,-0.5317635337511698
1710364844.3801396,-0.7825382550557454
1710364844.3802733,-0.9849793381161159
1710364844.380407,-1.1271784040662978
1710364844.3805408,-1.1996789773305256
1710364844.3806746,-1.1982780032687717
1710364844.3808086,-1.1236760351392958
1710364844.3809423,-0.981126692559984
1710364844.381076,-0.7811372809939914
1710364844.3812099,-0.5366669429673089
1710364844.3813438,-0.2610248658392164
1710364844.3814776,0.02793195553951793
1710364844.3816113,0.3137870298491584
1710364844.381745,0.5772221088409424
1710364844.3818789,0.803173714213901
1710364844.3820128,0.9800815582275391
1710364844.3821466,1.0932325654559665
1710364844.3822803,1.1373718579610188
1710364844.382414,1.1075953642527263
1710364844.382548,1.0039028194215562
1710364844.3826818,0.8368037144343058
1710364844.3828156,0.6147055493460761
1710364844.3829494,0.3530220521820916
1710364844.383083,0.06331352723969354
1710364844.383217,-0.23405606547991434
1710364844.3833508,-0.5188044905662537
1710364844.3834846,-0.7769343588087294
1710364844.3836184,-0.9940856695175171
1710364844.383752,-1.154847674899631
1710364844.383886,-1.2497638331519232
1710364844.3840199,-1.2704282336764865
1710364844.3841536,-1.2126379542880588
1710364844.3842874,-1.0826974444919162
1710364844.3844213,-0.8858602576785617
1710364844.384555,-0.6371869643529257
1710364844.3846889,-0.34823563363817
1710364844.3848226,-0.037218903501828514
1710364844.3849564,0.2759532630443573
1710364844.3850904,0.568113989300198
1710364844.385224,0.8241924974653456
1710364844.3853579,1.0273737377590604
1710364844.3854916,1.1653969022962782
1710364844.3856256,1.2284531858232286
1710364844.3857594,1.210587289598253
1710364844.385893,1.1124997668796115
1710364844.3860269,0.9429484605789185
1710364844.3861606,0.7124427292082045
1710364844.3862946,0.4356958137618171
1710364844.3864284,0.12952260673046112
1710364844.386562,-0.18712336818377176
1710364844.3866959,-0.4897342456711663
1710364844.3868296,-0.7615236441294352
1710364844.3869636,-0.9856798251469929
1710364844.3870974,-1.147142383787367
1710364844.387231,-1.234002908070882
1710364844.3873649,-1.2392565939161513
1710364844.3874989,-1.1608019140031602
1710364844.3876326,-1.0042427645789251
1710364844.3877664,-0.7825382550557454
1710364844.3879,-0.5100484026802911
1710364844.3880339,-0.20253409941991168
1710364844.3881679,0.11971385114722781
1710364844.3883016,0.4339442319340176
1710364844.3884354,0.7201496097776625
1710364844.388569,0.9629162814882066
1710364844.388703,1.1475310060713027
1710364844.3888369,1.2610322899288602
1710364844.3889706,1.2960635291205511
1710364844.3891044,1.249822245703803
1710364844.389238,1.125811603334215
1710364844.389372,0.9327893786960177
1710364844.3895059,0.6851183705859714
1710364844.3896396,0.39716141091452706
1710364844.3897734,0.08643416066964467
1710364844.3899071,-0.22565020455254448
1710364844.390041,-0.5177537600199381
1710364844.3901749,-0.7741324106852213
1710364844.3903086,-0.9797256522708468
1710364844.3904424,-1.1229754818810356
1710364844.3905764,-1.1944252914852567
1710364844.39071,-1.1895218160417345
1710364844.3908439,-1.1079150438308716
1710364844.3909776,-0.9587110413445367
1710364844.3911114,-0.75101633866628
1710364844.3912454,-0.5002415511343214
1710364844.391379,-0.22004630830552843
1710364844.3915129,0.07242165505886078
1710364844.3916466,0.3589773509237501
1710364844.3917806,0.6196098857455783
1710364844.3919144,0.8413577742046779
1710364844.3920481,1.010909080505371
1710364844.3921819,1.1167034837934706
1710364844.3923156,1.1520850658416748
1710364844.3924496,1.1124997668796115
1710364844.3925834,1.0011003414789836
1710364844.3927171,0.8259440130657619
1710364844.3928509,0.598591168721517
1710364844.3929849,0.3316529591878255
1710364844.3931186,0.04124383545584149
1710364844.3932524,-0.2550707095199161
1710364844.3933861,-0.5366669429673089
1710364844.3935199,-0.7902436123953925
1710364844.3936539,-1.001090539826287
1710364844.3937876,-1.155548228157891
1710364844.3939214,-1.2452107005649142
1710364844.3940551,-1.2623725997077093
1710364844.394189,-1.2045823203192816
1710364844.3943229,-1.074641810523139
1710364844.3944566,-0.8823578225241767
1710364844.3945904,-0.6389382150438097
1710364844.3947241,-0.35874297221501666
1710364844.3948581,-0.05753306051095326
1710364844.3949919,0.24687732259432474
1710364844.3951256,0.5306305156813728
1710364844.3952594,0.7776008711920844
1710364844.3953931,0.9758778413136799
1710364844.3955271,1.1079456408818562
1710364844.3956609,1.168549723095364
1710364844.3957946,1.149632798300849
1710364844.3959284,1.0532969236373901
1710364844.3960624,0.8858474757936265
1710364844.3961961,0.6577940119637383
1710364844.3963299,0.3852507803175184
1710364844.3964636,0.08188009262084961
1710364844.3965974,-0.2312541173564063
1710364844.3967314,-0.5314132902357314
1710364844.3968651,-0.8028524451785617
1710364844.396999,-1.0284096002578735
1710364844.3971326,-1.1930243174235027
1710364844.3972664,-1.2840877638922796
1710364844.3974004,-1.2945951355828178
1710364844.3975341,-1.221744351916843
1710364844.397668,-1.07008867793613
1710364844.3978016,-0.8515363269382052
1710364844.3979356,-0.5797469615936279
1710364844.3980694,-0.27223267489009434
1710364844.3982031,0.053154461913638644
1710364844.398337,0.37369049257702297
1710364844.3984706,0.6679530276192559
1710364844.3986046,0.918426579899258
1710364844.3987384,1.111098461680942
1710364844.3988721,1.2330072455936008
1710364844.399006,1.2753950224982367
1710364844.39914,1.2358097235361736
1710364844.3992736,1.1167034837934706
1710364844.3994074,0.9271843565834893
1710364844.3995411,0.6802139679590861
1710364844.399675,0.3929576608869764
1710364844.399809,0.08082915511396196
1710364844.3999426,-0.23475655251079136
1710364844.4000764,-0.5289615856276618
1710364844.4002101,-0.7888426383336384
1710364844.400344,-0.9972378942701552
1710364844.400478,-1.140137513478597
1710364844.4006116,-1.2101862165662978
1710364844.4007454,-1.2017803721957736
1710364844.4008791,-1.1152701907687717
1710364844.4010131,-0.9580105543136597
1710364844.401147,-0.74331091509925
1710364844.4012806,-0.48342982927958167
1710364844.4014144,-0.19517898559570312
1710364844.4015481,0.10430009828673469
1710364844.4016821,0.3950595524575975
1710364844.401816,0.6581442885928683
1710364844.4019496,0.879892177051968
1710364844.4020834,1.0476919015248616
1710364844.4022174,1.1503334840138753
1710364844.4023511,1.1808106634351943
1710364844.402485,1.1345693800184462
1710364844.4026186,1.017915341589186
1710364844.4027524,0.8364534378051758
1710364844.4028864,0.6041961908340454
1710364844.4030201,0.33410516050126815
1710364844.403154,0.041944459080696106
1710364844.4032876,-0.2543702224890391
1710364844.4034216,-0.5335147513283623
1710364844.4035554,-0.7832387420866225
1710364844.4036891,-0.988481773270501
1710364844.403823,-1.137335565355089
1710364844.4039567,-1.221043798658583
1710364844.4040906,-1.232601934009128
1710364844.4042244,-1.1713091532389324
1710364844.4043581,-1.0406681564119127
1710364844.404492,-0.8497851424747043
1710364844.4046257,-0.6109186675813463
1710364844.4047596,-0.33632732099956936
1710364844.4048934,-0.04212232099639045
1710364844.4050272,0.25283263789282906
1710364844.405161,0.5292292767100863
1710364844.405295,0.7688430945078532
1710364844.4054286,0.9604640801747639
1710364844.4055624,1.0897294018003676
1710364844.4056962,1.1475310060713027
1710364844.40583,1.1293147669898138
1710364844.405964,1.0354309611850314
1710364844.4060977,0.8728859159681532
1710364844.4062314,0.6511380275090536
1710364844.4063652,0.38665205240249634
1710364844.4064991,0.09133853018283844
1710364844.406633,-0.2158433695634206
1710364844.4067667,-0.5100484026802911
1710364844.4069004,-0.7772846354378594
1710364844.4070342,-1.0000398423936632
1710364844.4071681,-1.1650048361884222
1710364844.407302,-1.2588702307807074
1710364844.4074357,-1.2763824727800157
1710364844.4075694,-1.2087852425045438
1710364844.4077032,-1.065885755750868
1710364844.4078372,-0.8529373009999592
1710364844.407971,-0.587102108531528
1710364844.4081047,-0.2827399969100952
1710364844.4082384,0.04264508270555072
1710364844.4083724,0.3635314106941223
1710364844.4085062,0.6626983483632406
1710364844.40864,0.918426579899258
1710364844.4087737,1.1195059617360432
1710364844.4089074,1.249121692445543
1710364844.4090414,1.3002672460344102
1710364844.4091752,1.268388827641805
1710364844.409309,1.1559384398990207
1710364844.4094427,0.9713237815433078
1710364844.4095767,0.7278564903471205
1710364844.4097104,0.4398995637893677
1710364844.4098442,0.12672010395261976
1710364844.409978,-0.19377799497710332
1710364844.4101117,-0.4953381419181824
1710364844.4102457,-0.7629246181911892
1710364844.4103794,-0.9783246782090929
1710364844.4105132,-1.1292799313863118
1710364844.410647,-1.2049326631757948
1710364844.410781,-1.2000291877322726
1710364844.4109147,-1.1142194271087646
1710364844.4110484,-0.9545081191592746
1710364844.4111822,-0.7356055577596029
1710364844.411316,-0.46906984514660305
1710364844.41145,-0.17241310742166308
1710364844.4115837,0.1361785415146086
1710364844.4117174,0.433593922191196
1710364844.4118512,0.7040352291531032
1710364844.411985,0.9310377968682183
1710364844.412119,1.1012897226545546
1710364844.4122527,1.2039313051435683
1710364844.4123864,1.2319563494788275
1710364844.4125202,1.1825622452629936
1710364844.4126542,1.0592522223790486
1710364844.412788,0.8704337146547105
1710364844.4129217,0.6304695871141222
1710364844.4130554,0.3523213995827569
1710364844.4131892,0.053154461913638644
1710364844.4133232,-0.24876632624202305
1710364844.413457,-0.5317635337511698
1710364844.4135907,-0.7818377680248684
1710364844.4137244,-0.9849793381161159
1710364844.4138584,-1.1303306950463188
1710364844.4139922,-1.2077346112993028
1710364844.414126,-1.2133385075463188
1710364844.4142597,-1.1457414097256131
1710364844.4143934,-1.0094964504241943
1710364844.4145274,-0.8154612117343478
1710364844.4146612,-0.5748435523774889
1710364844.414795,-0.3027039104037815
1710364844.4149287,-0.013052063683668772
1710364844.4150624,0.2759532630443573
1710364844.4151964,0.5432417657640245
1710364844.4153302,0.7747983932495117
1710364844.415464,0.9566106398900349
1710364844.4155977,1.076067222489251
1710364844.4157317,1.125811603334215
1710364844.4158654,1.1012897226545546
1710364844.4159992,1.0021512375937567
1710364844.416133,0.8364534378051758
1710364844.4162667,0.614355206489563
1710364844.4164007,0.35021954112582737
1710364844.4165344,0.057708525823222265
1710364844.4166682,-0.24421314398447672
1710364844.416802,-0.5342152383592393
1710364844.416936,-0.7975987593332926
1710364844.4170697,-1.0182525051964653
1710364844.4172034,-1.1818165249294705
1710364844.4173372,-1.2777834468417697
1710364844.417471,-1.295996109644572
1710364844.417605,-1.235754092534383
1710364844.4177387,-1.0988086462020874
1710364844.4178724,-0.8953168657090929
1710364844.4180062,-0.6375372409820557
1710364844.41814,-0.34088051981396145
1710364844.418274,-0.022858898672792647
1710364844.4184077,0.29487013816833496
1710364844.4185414,0.5905339452955458
1710364844.4186752,0.8462621768315632
1710364844.4188092,1.0483925210105047
1710364844.418943,1.1815113491482205
1710364844.4190767,1.237561305363973
1710364844.4192104,1.211287842856513
1710364844.4193442,1.1044425434536405
1710364844.4194782,0.9247321552700466
1710364844.419612,0.6861693329281277
1710364844.4197457,0.40206581354141235
1710364844.4198794,0.08958697319030762
1710364844.4200134,-0.2291526562637753
1710364844.4201472,-0.5317635337511698
1710364844.420281,-0.8007509840859307
1710364844.4204147,-1.0196534792582195
1710364844.4205484,-1.1741111013624403
1710364844.4206824,-1.2532663345336914
1710364844.4208162,-1.2497638331519232
1710364844.42095,-1.1636038621266682
1710364844.4210837,-1.0021413034862943
1710364844.4212177,-0.7772846354378594
1710364844.4213514,-0.504794716835022
1710364844.4214852,-0.19973215129640368
1710364844.421619,0.11831260389751858
1710364844.4217527,0.425887041621738
1710364844.4218867,0.7054365343517727
1710364844.4220204,0.9404962592654758
1710364844.4221542,1.117404169506497
1710364844.422288,1.2245998117658827
1710364844.4224217,1.2550769911872015
1710364844.4225557,1.2067337830861409
1710364844.4226894,1.0816722446017795
1710364844.4228232,0.8911021550496419
1710364844.422957,0.6465839677386813
1710364844.423091,0.3635314106941223
1710364844.4232247,0.06016071471903059
1710364844.4233584,-0.24561411804623073
1710364844.4234922,-0.5317635337511698
1710364844.423626,-0.7828885316848755
1710364844.42376,-0.9849793381161159
1710364844.4238937,-1.1278789573245578
1710364844.4240274,-1.2007297409905326
1710364844.4241612,-1.2000291877322726
1710364844.4242952,-1.1254272196027968
1710364844.424429,-0.982877877023485
1710364844.4245627,-0.7832387420866225
1710364844.4246964,-0.5391186475753784
1710364844.4248302,-0.26382681396272445
1710364844.4249642,0.025479766643709607
1710364844.425098,0.31133482853571576
1710364844.4252317,0.5740692880418565
1710364844.4253654,0.8000208934148152
1710364844.4254992,0.9758778413136799
1710364844.4256332,1.0900797446568806
1710364844.425767,1.1342191696166992
1710364844.4259007,1.1037419239679973
1710364844.4260345,1.0014506181081135
1710364844.4261684,0.8336508936352199
1710364844.4263022,0.6122533480326334
1710364844.426436,0.34951892164018417
1710364844.4265697,0.05946008695496453
1710364844.4267035,-0.23720827367570665
1710364844.4268374,-0.5219566822052002
1710364844.4269712,-0.7797363069322374
1710364844.427105,-0.9958369202084011
1710364844.4272387,-1.1565989918178983
1710364844.4273727,-1.2508145968119304
1710364844.4275064,-1.2711287869347465
1710364844.4276402,-1.2150896920098198
1710364844.427774,-1.0837481419245403
1710364844.4279077,-0.8876115083694458
1710364844.4280417,-0.6389382150438097
1710364844.4281754,-0.34963660769992405
1710364844.4283092,-0.04002085576454798
1710364844.428443,0.2731507685449388
1710364844.4285767,0.5656617879867554
1710364844.4287107,0.8206893338097466
1710364844.4288445,1.0235203637017143
1710364844.4289782,1.1604924996693928
1710364844.429112,1.2228482299380832
1710364844.429246,1.2046319908565946
1710364844.4293797,1.1058437824249268
1710364844.4295135,0.9352415800094604
1710364844.4296472,0.7036849525239732
1710364844.429781,0.42763862344953746
1710364844.429915,0.12111510667535993
1710364844.4300487,-0.19482874208026463
1710364844.4301825,-0.4977898465262519
1710364844.4303162,-0.7695792118708292
1710364844.4304502,-0.9926846954557631
1710364844.430584,-1.15309649043613
1710364844.4307177,-1.2399570147196453
1710364844.4308515,-1.2441599369049072
1710364844.4309852,-1.1636038621266682
1710364844.4311192,-1.0052935282389324
1710364844.431253,-0.7825382550557454
1710364844.4313867,-0.5079469415876601
1710364844.4315205,-0.20043263832728067
1710364844.4316545,0.12321698168913522
1710364844.4317882,0.4381479819615682
1710364844.431922,0.7271558708614773
1710364844.4320557,0.9706231620576646
1710364844.4321895,1.1552378866407607
1710364844.4323235,1.2704907523261175
1710364844.4324572,1.3044709629482694
1710364844.432591,1.2596310509575737
1710364844.4327247,1.1342191696166992
1710364844.4328585,0.941547155380249
1710364844.4329925,0.6928252511554294
1710364844.4331262,0.4038173622555203
1710364844.43326,0.09238946768972608
1710364844.4333937,-0.22144728236728245
1710364844.4335277,-0.5149518118964301
1710364844.4336615,-0.7720309495925903
1710364844.4337952,-0.9786749548382229
1710364844.433929,-1.1219247182210286
1710364844.4340627,-1.1937248706817627
1710364844.4341967,-1.1891716056399875
1710364844.4343305,-1.1079150438308716
1710364844.4344642,-0.9576602776845295
1710364844.434598,-0.749965575006273
1710364844.434732,-0.4984903335571289
1710364844.4348657,-0.2172443601820204
1710364844.4349995,0.07662540508641137
1710364844.4351332,0.3635314106941223
1710364844.435267,0.6245142883724636
1710364844.435401,0.8469627963172065
1710364844.4355347,1.0165141026178997
1710364844.4356685,1.1230091253916423
1710364844.4358022,1.1576900217268202
1710364844.435936,1.117404169506497
1710364844.43607,1.006355020734999
1710364844.4362037,0.8301477962070041
1710364844.4363375,0.6020942661497328
1710364844.4364712,0.33480577998691136
1710364844.4366052,0.04369602021243837
1710364844.436739,-0.2533194919427236
1710364844.4368727,-0.5352659689055549
1710364844.4370065,-0.7888426383336384
1710364844.4371402,-0.9996895657645332
1710364844.4372742,-1.154497464497884
1710364844.437408,-1.2445101473066542
1710364844.4375417,-1.2613219685024686
1710364844.4376755,-1.2035316891140408
1710364844.4378095,-1.074641810523139
1710364844.4379432,-0.8827080991533067
1710364844.438077,-0.6399889124764336
1710364844.4382107,-0.3597937027613322
1710364844.4383445,-0.05893403457270728
1710364844.4384785,0.24442513783772785
1710364844.4386122,0.5281783474816216
1710364844.438746,0.7754990127351549
1710364844.4388797,0.9727250205145942
1710364844.4390135,1.1061941252814398
1710364844.4391475,1.1660975880093045
1710364844.4392812,1.148932245042589
1710364844.439415,1.0539975431230333
1710364844.4395487,0.887599057621426
1710364844.4396827,0.6612971093919542
1710364844.4398165,0.39015518294440377
1710364844.4399502,0.08818571766217549
1710364844.440084,-0.22389898697535196
1710364844.4402177,-0.5230074127515157
1710364844.4403517,-0.7940963241789076
1710364844.4404855,-1.0207042429182265
1710364844.4406192,-1.1856692367129855
1710364844.440753,-1.2774331039852567
1710364844.440887,-1.2893414497375488
1710364844.4410207,-1.218241850535075
1710364844.4411545,-1.068337427245246
1710364844.4412882,-0.8511861165364583
1710364844.441422,-0.5804474486245049
1710364844.441556,-0.2743341359827253
1710364844.4416897,0.0500016493929757
1710364844.4418235,0.3694867425494724
1710364844.4419572,0.6630486912197536
1710364844.4420912,0.914573139614529
1710364844.442225,1.1061941252814398
1710364844.4423587,1.2295040819380019
1710364844.4424925,1.272242334153917
1710364844.4426262,1.2330072455936008
1710364844.4427602,1.114251348707411
1710364844.442894,0.926133460468716
1710364844.4430277,0.6795133484734429
1710364844.4431615,0.39155642191569007
1710364844.4432952,0.07907758984300825
1710364844.4434292,-0.23650777008798388
1710364844.443563,-0.5328142642974854
1710364844.4436967,-0.7926953501171535
1710364844.4438305,-1.0017910930845473
1710364844.4439645,-1.1467920409308539
1710364844.4440982,-1.218241850535075
1710364844.444232,-1.2105365594228108
1710364844.4443657,-1.1243764559427898
1710364844.4444995,-0.9681676493750678
1710364844.4446335,-0.7531177997589111
1710364844.4447672,-0.49288643731011283
1710364844.444901,-0.2039350734816657
1710364844.4450347,0.09694353573852114
1710364844.4451687,0.38875391085942584
1710364844.4453025,0.6535902288224962
1710364844.4454362,0.8767393562528822
1710364844.44557,1.0452397002114189
1710364844.4457037,1.149282587899102
1710364844.4458377,1.1815113491482205
1710364844.4459715,1.1373718579610188
1710364844.4461052,1.0214184390174017
1710364844.446239,0.8406571547190348
1710364844.4463727,0.6073489454057481
1710364844.4465067,0.3376082910431756
1710364844.4466405,0.04439664797650443
1710364844.4467742,-0.2529692484272851
1710364844.446908,-0.5335147513283623
1710364844.447042,-0.7832387420866225
1710364844.4471757,-0.989182260301378
1710364844.4473095,-1.139436960220337
1710364844.4474432,-1.222444772720337
1710364844.447577,-1.235754092534383
1710364844.447711,-1.1741111013624403
1710364844.4478447,-1.0431198279062908
1710364844.4479785,-0.8522368139690822
1710364844.4481122,-0.6123196416431003
1710364844.4482462,-0.3377283281750149
1710364844.44838,-0.043523299197355904
1710364844.4485137,0.25248232815000743
1710364844.4486475,0.5288789669672648
1710364844.4487813,0.7698939906226264
1710364844.4489152,0.9615149762895372
1710364844.449049,1.091130640771654
1710364844.4491827,1.149282587899102
1710364844.4493165,1.1314165592193604
1710364844.4494503,1.0375328196419609
1710364844.4495842,0.8746374977959527
1710364844.449718,0.652889609336853
1710364844.4498518,0.38665205240249634
1710364844.4499855,0.09098822044001685
1710364844.4501195,-0.2158433695634206
1710364844.4502532,-0.5117996202574836
1710364844.450387,-0.7804367939631144
1710364844.4505208,-1.0056437386406791
1710364844.4506545,-1.1723599168989394
1710364844.4507885,-1.2683268388112385
1710364844.4509223,-1.2858389483557806
1710364844.451056,-1.221744351916843
1710364844.4511898,-1.0788447327084012
1710364844.4513237,-0.8679978052775065
1710364844.4514575,-0.6025128232108222
1710364844.4515913,-0.29955171876483494
1710364844.451725,0.026180392338169944
1710364844.4518588,0.3481176495552063
1710364844.4519928,0.6469343105951945
1710364844.4521265,0.9054650200737847
1710364844.4522603,1.10654440191057
1710364844.452394,1.2386122014787462
1710364844.452528,1.291509469350179
1710364844.4526618,1.2624335289001465
1710364844.4527955,1.1517347229851616
1710364844.4529293,0.9688715802298652
1710364844.453063,0.7264552513758341
1710364844.453197,0.44024987353218925
1710364844.4533308,0.12847166922357348
1710364844.4534645,-0.1916765338844723
1710364844.4535983,-0.49323668082555133
1710364844.453732,-0.7590719064076741
1710364844.453866,-0.9741217560238308
1710364844.4539998,-1.1250770092010498
1710364844.4541335,-1.2000291877322726
1710364844.4542673,-1.1944252914852567
1710364844.4544013,-1.1079150438308716
1710364844.454535,-0.9475032488505045
1710364844.4546688,-0.7268494367599487
1710364844.4548025,-0.46066396766238743
1710364844.4549363,-0.16330677602026197
1710364844.4550703,0.14528666933377585
1710364844.455204,0.44410331381691825
1710364844.4553378,0.7145446538925171
1710364844.4554715,0.9422478410932753
1710364844.4556055,1.111098461680942
1710364844.4557393,1.2144406636555989
1710364844.455873,1.2407141261630588
1710364844.4560068,1.1909698115454779
1710364844.4561405,1.0662584834628634
1710364844.4562745,0.8767393562528822
1710364844.4564083,0.6357242663701376
1710364844.456542,0.3558245301246643
1710364844.4566758,0.05595696055226856
1710364844.4568095,-0.24736533562342325
1710364844.4569435,-0.5289615856276618
1710364844.4570773,-0.7790358199013604
1710364844.457211,-0.982177389992608
1710364844.4573448,-1.1278789573245578
1710364844.4574788,-1.2042321099175346
1710364844.4576125,-1.2084350321027968
1710364844.4577463,-1.139436960220337
1710364844.45788,-1.0028417905171711
1710364844.4580138,-0.8077558543947008
1710364844.4581478,-0.5674884054395888
1710364844.4582815,-0.29499851995044285
1710364844.4584153,-0.004646206378108925
1710364844.458549,0.2829595075713264
1710364844.458683,0.5491970976193746
1710364844.4588168,0.779702795876397
1710364844.4589505,0.9601137373182509
1710364844.4590843,1.0792200432883368
1710364844.459218,1.1275631851620145
1710364844.459352,1.1009394460254245
1710364844.4594858,1.0011003414789836
1710364844.4596195,0.8347018559773762
1710364844.4597533,0.6126036908891466
1710364844.459887,0.3474170300695631
1710364844.460021,0.05560665080944697
1710364844.4601548,-0.24561411804623073
1710364844.4602885,-0.5345654818746779
1710364844.4604223,-0.7982992463641696
1710364844.4605563,-1.0182525051964653
1710364844.46069,-1.1818165249294705
1710364844.4608238,-1.2770828935835097
1710364844.4609575,-1.2963463200463188
1710364844.4610913,-1.235053671730889
1710364844.4612253,-1.0988086462020874
1710364844.461359,-0.8960173527399699
1710364844.4614928,-0.6382377280129327
1710364844.4616265,-0.34193125036027694
1710364844.4617605,-0.024610118319590885
1710364844.4618943,0.29311858945422703
1710364844.462028,0.5884320868386163
1710364844.4621618,0.845211214489407
1710364844.4622955,1.0469912820392184
1710364844.4624295,1.1808106634351943
1710364844.4625633,1.2372109625074599
1710364844.462697,1.2123388714260526
1710364844.4628308,1.1061941252814398
1710364844.4629648,0.9268340799543593
1710364844.4630985,0.6886214680141872
1710364844.4632323,0.40486829148398507
1710364844.463366,0.09273978571097057
1710364844.4634998,-0.22705119517114428
1710364844.4636338,-0.5307128032048544
1710364844.4637675,-0.8018016815185547
1710364844.4639013,-1.0221052169799805
1710364844.464035,-1.1786643664042156
1710364844.4641688,-1.2588702307807074
1710364844.4643028,-1.2574692567189534
1710364844.4644365,-1.1734106805589464
1710364844.4645703,-1.0129988855785794
1710364844.464704,-0.7895431253645155
1710364844.464838,-0.5170532729890611
1710364844.4649718,-0.2130414214399126
1710364844.4651055,0.10465041630797915
1710364844.4652393,0.4125751720534431
1710364844.465373,0.6931755940119425
1710364844.465507,0.9289359384112887
1710364844.4656408,1.1061941252814398
1710364844.4657745,1.2144406636555989
1710364844.4659083,1.2466694249047172
1710364844.4660423,1.1986766921149359
1710364844.466176,1.0743156406614516
1710364844.4663098,0.8840958939658271
1710364844.4664435,0.6402783923678927
1710364844.4665773,0.35827673143810695
1710364844.4667113,0.05385508553849326
1710364844.466845,-0.25086778733465404
1710364844.4669788,-0.5359664559364319
1710364844.4671125,-0.7874416642718844
1710364844.4672463,-0.989882747332255
1710364844.4673803,-1.1303306950463188
1710364844.467514,-1.2028311358557806
1710364844.4676478,-1.2010799513922796
1710364844.4677815,-1.1261276404062908
1710364844.4679155,-0.981476902961731
1710364844.4680493,-0.7811372809939914
1710364844.468183,-0.5366669429673089
1710364844.4683168,-0.2606746223237779
1710364844.4684505,0.02933320485883289
1710364844.4685845,0.31483795907762313
1710364844.4687183,0.5772221088409424
1710364844.468852,0.8035240570704142
1710364844.4689858,0.9786803192562527
1710364844.4691198,1.091831260257297
1710364844.4692535,1.1349197228749592
1710364844.4693873,1.1037419239679973
1710364844.469521,1.0003997219933403
1710364844.4696548,0.8318993780348036
1710364844.4697888,0.6098011467191908
1710364844.4699225,0.34636610084109837
1710364844.4700563,0.056307274434301585
1710364844.47019,-0.24106095234553018
1710364844.4703238,-0.5258093608750237
1710364844.4704578,-0.7839392291174995
1710364844.4705915,-1.001090539826287
1710364844.4707253,-1.1615023348066542
1710364844.470859,-1.2560682826571994
1710364844.470993,-1.2770828935835097
1710364844.4711268,-1.220343377855089
1710364844.4712605,-1.0900525914298163
1710364844.4713943,-0.8946163786782159
1710364844.471528,-0.6459430853525797
1710364844.471662,-0.3580424520704481
1710364844.4717958,-0.0484267125527064
1710364844.4719296,0.2636923227045271
1710364844.4720633,0.5555027061038547
1710364844.4721973,0.8101799752977159
1710364844.472331,1.0130109389623005
1710364844.4724648,1.1499831411573622
1710364844.4725986,1.2119885285695393
1710364844.4727323,1.1934219466315374
1710364844.4728663,1.094984081056383
1710364844.473,0.9243818786409166
1710364844.4731338,0.6942264901267158
1710364844.4732676,0.4174795415666368
1710364844.4734015,0.11165666083494821
1710364844.4735353,-0.2035848299662272
1710364844.473669,-0.506545967525906
1710364844.4738028,-0.7776348458396064
1710364844.4739366,-1.0003900527954102
1710364844.4740705,-1.1611521244049072
1710364844.4742043,-1.2462614642249212
1710364844.474338,-1.2508145968119304
1710364844.4744718,-1.1702583895789251
1710364844.4746056,-1.0122983985477023
1710364844.4747396,-0.7898934019936455
1710364844.4748733,-0.5153020554118686
1710364844.475007,-0.206386794646581
1710364844.4751408,0.11831260389751858
1710364844.4752748,0.4339442319340176
1710364844.4754086,0.7229521539476182
1710364844.4755423,0.9678206178877089
1710364844.475676,1.153486304812961
1710364844.4758098,1.2687391704983182
1710364844.4759438,1.3044709629482694
1710364844.4760776,1.2596310509575737
1710364844.4762113,1.1363209618462455
1710364844.476345,0.9443496995502048
1710364844.476479,0.6966786914401584
1710364844.4766128,0.40907204151153564
1710364844.4767466,0.09939572049511804
1710364844.4768803,-0.21339166495535108
1710364844.477014,-0.5068962110413445
1710364844.477148,-0.7625743415620592
1710364844.4772818,-0.9688681364059448
1710364844.4774156,-1.1117676893870037
1710364844.4775493,-1.1832174989912245
1710364844.477683,-1.1779638131459553
1710364844.477817,-1.0970574617385864
1710364844.4779508,-0.9471529722213745
1710364844.4780846,-0.740158756573995
1710364844.4782183,-0.4893840021557278
1710364844.4783523,-0.20918874277008903
1710364844.478486,0.08328134814898173
1710364844.4786198,0.3677351607216729
1710364844.4787536,0.6283677286571926
1710364844.4788873,0.8480136924319797
1710364844.4790213,1.0175649987326727
1710364844.479155,1.1209072007073295
1710364844.4792888,1.1559384398990207
1710364844.4794226,1.1153022448221843
1710364844.4795566,1.003202199935913
1710364844.4796903,0.8266446325514052
1710364844.479824,0.5992917882071601
1710364844.4799578,0.3313026494450039
1710364844.4800916,0.040893521573808454
1710364844.4802256,-0.2550707095199161
1710364844.4803593,-0.5370171864827474
1710364844.480493,-0.7888426383336384
1710364844.4806268,-1.0007403294245403
1710364844.4807606,-1.154847674899631
1710364844.4808946,-1.2448604901631672
1710364844.4810283,-1.2616721789042156
1710364844.481162,-1.2045823203192816
1710364844.4812958,-1.0756925741831462
1710364844.4814298,-0.8862105343076918
1710364844.4815636,-0.6431411372290717
1710364844.4816973,-0.36469711197747123
1710364844.481831,-0.06593891729911168
1710364844.4819648,0.23671825726826984
1710364844.4820988,0.5194205045700073
1710364844.4822326,0.7656902737087673
1710364844.4823663,0.9625659386316935
1710364844.4825,1.095334423912896
1710364844.482634,1.1548875437842474
1710364844.4827678,1.1387732293870714
1710364844.4829016,1.0427874988979764
1710364844.4830353,0.8774399757385254
1710364844.483169,0.6521889898512099
1710364844.483303,0.381397373146481
1710364844.4834368,0.08117946485678355
1710364844.4835706,-0.2302033868100908
1710364844.4837043,-0.5289615856276618
1710364844.4838383,-0.7993500100241767
1710364844.483972,-1.0238564676708646
1710364844.4841058,-1.1881208419799805
1710364844.4842396,-1.2795346313052707
1710364844.4843733,-1.2910926342010498
1710364844.4845073,-1.219292614195082
1710364844.484641,-1.068687703874376
1710364844.4847748,-0.8508358399073283
1710364844.4849086,-0.5804474486245049
1710364844.4850423,-0.2746843794981639
1710364844.4851763,0.04965133551094267
1710364844.48531,0.3687860899501377
1710364844.4854438,0.6626983483632406
1710364844.4855776,0.9131718344158596
1710364844.4857116,1.1054935057957966
1710364844.4858453,1.226001050737169
1710364844.485979,1.268388827641805
1710364844.4861128,1.2284531858232286
1710364844.4862466,1.1082959837383695
1710364844.4863806,0.918426579899258
1710364844.4865143,0.6711058484183418
1710364844.486648,0.38244830237494576
1710364844.4867818,0.06891852865616481
1710364844.4869158,-0.24771559569570753
1710364844.4870496,-0.5443723003069559
1710364844.4871833,-0.8053041166729397
1710364844.487317,-1.0151003466712103
1710364844.4874508,-1.1601013607449002
1710364844.4875848,-1.230150196287367
1710364844.4877186,-1.222444772720337
1710364844.4878523,-1.1355842484368217
1710364844.487986,-0.9783246782090929
1710364844.4881198,-0.7632748285929362
1710364844.4882538,-0.502693255742391
1710364844.4883876,-0.21269117792447406
1710364844.4885213,0.08888634542624156
1710364844.488655,0.38069672054714626
1710364844.488789,0.6462336911095513
1710364844.4889228,0.8697330951690674
1710364844.4890566,1.0389340586132474
1710364844.4891903,1.1419260501861572
1710364844.489324,1.1734541257222493
1710364844.489458,1.1293147669898138
1710364844.4895918,1.0130109389623005
1710364844.4897256,0.8325999975204468
1710364844.4898593,0.5996421310636733
1710364844.4899933,0.32990141047371757
1710364844.490127,0.03704008128907945
1710364844.4902608,-0.25892340474658543
1710364844.4903946,-0.5387684040599399
1710364844.4905283,-0.7881421513027614
1710364844.4906623,-0.9933851824866401
1710364844.490796,-1.142238908343845
1710364844.4909298,-1.225246720843845
1710364844.4910636,-1.23680485619439
1710364844.4911973,-1.1751618650224473
1710364844.4913313,-1.0448710785971747
1710364844.491465,-0.8539880646599664
1710364844.4915988,-0.6144211027357314
1710364844.4917326,-0.34123076332939994
1710364844.4918666,-0.04702573849095239
1710364844.4920003,0.24827857812245685
1710364844.492134,0.5239745643403795
1710364844.4922678,0.764289034737481
1710364844.4924016,0.9552094009187486
1710364844.4925356,1.083774103058709
1710364844.4926693,1.1422762605879042
1710364844.492803,1.1244103643629286
1710364844.4929368,1.0305265585581462
1710364844.4930708,0.8686821990542941
1710364844.4932046,0.6472845872243246
1710364844.4933383,0.38209799263212413
1710364844.493472,0.08713478015528785
1710364844.4936059,-0.2179448472128974
1710364844.4937398,-0.512850350803799
1710364844.4938736,-0.7804367939631144
1710364844.4940073,-1.0056437386406791
1710364844.494141,-1.1713091532389324
1710364844.494275,-1.2665755218929715
1710364844.4944088,-1.2840877638922796
1710364844.4945426,-1.219292614195082
1710364844.4946764,-1.07674327161577
1710364844.49481,-0.8658963441848755
1710364844.494944,-0.6007615725199381
1710364844.4950778,-0.2974502576722039
1710364844.4952116,0.027231329845057592
1710364844.4953454,0.3491686118973626
1710364844.495479,0.6469343105951945
1710364844.495613,0.9047643343607584
1710364844.4957469,1.1051431629392836
1710364844.4958806,1.2365104092491996
1710364844.4960144,1.2887069914076064
1710364844.4961483,1.2589303652445476
1710364844.496282,1.1475310060713027
1710364844.4964159,0.9639671776029799
1710364844.4965496,0.7212005721198188
1710364844.4966834,0.4349951942761739
1710364844.4968174,0.12216604418224758
1710364844.496951,-0.19763069020377264
1710364844.4970849,-0.4984903335571289
1710364844.4972186,-0.7643255922529433
1710364844.4973526,-0.9790251652399699
1710364844.4974864,-1.1292799313863118
1710364844.49762,-1.2038818995157878
1710364844.4977539,-1.1975774500105116
1710364844.4978876,-1.1100165049235027
1710364844.4980216,-0.9482037358813815
1710364844.4981554,-0.7271997133890787
1710364844.498289,-0.4589127500851949
1710364844.4984229,-0.16085505485534668
1710364844.4985566,0.14914010961850485
1710364844.4986906,0.4486573735872904
1710364844.4988244,0.7197993331485324
1710364844.498958,0.9475025203492906
1710364844.4990919,1.118104722764757
1710364844.4992259,1.2210966481102836
1710364844.4993596,1.2484210067325168
1710364844.4994934,1.1983263492584229
1710364844.499627,1.0732647445466783
1710364844.4997609,0.8840958939658271
1710364844.4998949,0.6420299079683092
1710364844.5000286,0.36318110095130074
1710364844.5001624,0.06156196196873982
1710364844.500296,-0.24141119586096868
1710364844.50043,-0.5261596043904623
1710364844.5005639,-0.7769343588087294
1710364844.5006976,-0.9804261393017238
1710364844.5008314,-1.1261276404062908
1710364844.500965,-1.2045823203192816
1710364844.501099,-1.2094857957628038
1710364844.5012329,-1.141538487540351
1710364844.5013666,-1.0059940152698092
1710364844.5015004,-0.8112582895490859
1710364844.5016341,-0.5709908405939738
1710364844.501768,-0.29920147524939644
1710364844.5019019,-0.009199378805028068
1710364844.5020356,0.27840544780095416
1710364844.5021694,0.5453436573346456
1710364844.5023034,0.775849355591668
1710364844.502437,0.9576615360048082
1710364844.5025709,1.076067222489251
1710364844.5027046,1.1251109176211886
1710364844.5028384,1.0998884836832683
1710364844.5029724,0.9996991025076972
1710364844.503106,0.8343515131208632
1710364844.5032399,0.6126036908891466
1710364844.5033736,0.3491686118973626
1710364844.5035076,0.056307274434301585
1710364844.5036414,-0.24421314398447672
1710364844.5037751,-0.5345654818746779
1710364844.5039089,-0.7968982723024156
1710364844.5040426,-1.0186027818255954
1710364844.5041766,-1.1828672885894775
1710364844.5043104,-1.2781336572435167
1710364844.5044441,-1.29879805776808
1710364844.5045779,-1.2382058302561443
1710364844.5047119,-1.1030115683873494
1710364844.5048456,-0.899870064523485
1710364844.5049794,-0.6431411372290717
1710364844.5051131,-0.346134172545539
1710364844.5052469,-0.02846280319823159
1710364844.5053809,0.2899657686551412
1710364844.5055146,0.5856296088960435
1710364844.5056484,0.8438099755181206
1710364844.5057821,1.0469912820392184
1710364844.5059159,1.1829125881195068
1710364844.5060499,1.2403637833065457
1710364844.5061836,1.2168929311964247
1710364844.5063174,1.1121494240230985
1710364844.5064511,0.9345409605238173
1710364844.5065851,0.6966786914401584
1710364844.5067189,0.41397644413842094
1710364844.5068526,0.10219822327295938
1710364844.5069864,-0.2179448472128974
1710364844.5071201,-0.5219566822052002
1710364844.5072541,-0.7923451397154067
1710364844.5073879,-1.0140495830112033
1710364844.5075216,-1.1706087324354384
1710364844.5076554,-1.2525657812754314
1710364844.5077894,-1.2525657812754314
1710364844.5079231,-1.1692077583736844
1710364844.5080569,-1.0098466608259413
1710364844.5081906,-0.7874416642718844
1710364844.5083244,-0.5153020554118686
1710364844.5084584,-0.21164044737815857
1710364844.5085921,0.10535103579362233
1710364844.508726,0.41222486231062144
1710364844.5088596,0.6914240121841431
1710364844.5089934,0.9271843565834893
1710364844.5091274,1.1040922005971272
1710364844.5092611,1.2116381857130263
1710364844.509395,1.241765022277832
1710364844.5095286,1.1930716037750244
1710364844.5096626,1.068360341919793
1710364844.5097964,0.8770896991093953
1710364844.5099301,0.6322211689419216
1710364844.510064,0.34951892164018417
1710364844.5101976,0.04509727160135905
1710364844.5103316,-0.2603243788083394
1710364844.5104654,-0.5461235178841485
1710364844.5105991,-0.7975987593332926
1710364844.510733,-0.9989890787336562
1710364844.5108669,-1.140487723880344
1710364844.5110006,-1.2119375334845648
1710364844.5111344,-1.2094857957628038
1710364844.5112681,-1.1338330639733207
1710364844.511402,-0.990233023961385
1710364844.511536,-0.7888426383336384
1710364844.5116696,-0.5433215697606405
1710364844.5118034,-0.26767949263254803
1710364844.5119371,0.022326954123046663
1710364844.5120711,0.30748138825098675
1710364844.512205,0.5705661243862575
1710364844.5123386,0.7968680726157295
1710364844.5124724,0.9716740581724379
1710364844.5126061,1.083774103058709
1710364844.5127401,1.1279135280185275
1710364844.512874,1.0970860057406955
1710364844.5130076,0.9933934609095255
1710364844.5131414,0.8248931169509888
1710364844.5132751,0.602794885635376
1710364844.5134091,0.3404107689857483
1710364844.513543,0.051753210524717964
1710364844.5136766,-0.24386290046903822
1710364844.5138104,-0.5282610985967848
1710364844.5139444,-0.7842895057466295
1710364844.5140781,-0.9993393553627862
1710364844.514212,-1.1587003866831462
1710364844.5143456,-1.2522155708736844
1710364844.5144794,-1.2721794181399875
1710364844.5146134,-1.214389271206326
1710364844.5147471,-1.0837481419245403
1710364844.514881,-0.8879617187711928
1710364844.5150146,-0.6389382150438097
1710364844.5151486,-0.35103758176167804
1710364844.5152824,-0.041071590450074934
1710364844.5154161,0.27069858378834194
1710364844.51555,0.5618083477020264
1710364844.5156837,0.8171862363815308
1710364844.5158176,1.0189662377039592
1710364844.5159514,1.156288782755534
1710364844.5160851,1.218994723425971
1710364844.516219,1.2011288272009955
1710364844.5163527,1.103041304482354
1710364844.5164866,0.9327893786960177
1710364844.5166204,0.7026339901818169
1710364844.5167542,0.425887041621738
1710364844.516888,0.12041447891129388
1710364844.517022,-0.19657995965745714
1710364844.5171556,-0.4988405770725674
1710364844.5172894,-0.7702797651290894
1710364844.5174232,-0.9951364331775241
1710364844.517557,-1.156248648961385
1710364844.517691,-1.2434595161014133
1710364844.5178246,-1.2483628590901692
1710364844.5179584,-1.1695579687754314
1710364844.5180922,-1.0126486089494493
1710364844.5182261,-0.7898934019936455
1710364844.51836,-0.5153020554118686
1710364844.5184937,-0.20673703816201952
1710364844.5186274,0.11866291364034016
1710364844.5187612,0.43534550401899547
1710364844.5188951,0.7247036695480347
1710364844.519029,0.9709734386867946
1710364844.5191627,1.1587410502963595
1710364844.5192964,1.2746944692399766
1710364844.5194302,1.3121778435177274
1710364844.5195642,1.268388827641805
1710364844.519698,1.145779424243503
1710364844.5198317,0.9545087814331055
1710364844.5199654,0.7078886694378322
1710364844.5200994,0.4202820526229011
1710364844.5202332,0.11060572332806057
1710364844.520367,-0.2028843429353502
1710364844.5205007,-0.49603862894905937
1710364844.5206344,-0.7524173127280341
1710364844.5207684,-0.9580105543136597
1710364844.5209022,-1.1012603839238484
1710364844.521036,-1.1723599168989394
1710364844.5211697,-1.1667560206519232
1710364844.5213037,-1.0851491159862943
1710364844.5214374,-0.9345442056655884
1710364844.5215712,-0.7264992263582017
1710364844.521705,-0.4743234978781806
1710364844.5218387,-0.1923770209153493
1710364844.5219727,0.10079697602325015
1710364844.5221064,0.38770298163096106
1710364844.5222402,0.6479852067099677
1710364844.522374,0.8700834380255805
1710364844.522508,1.0378831624984741
1710364844.5226417,1.1426266034444172
1710364844.5227754,1.176256603664822
1710364844.5229092,1.1345693800184462
1710364844.523043,1.021768781873915
1710364844.523177,0.8445105950037638
1710364844.5233107,0.6147055493460761
1710364844.5234444,0.3460157910982768
1710364844.5235782,0.05385508553849326
1710364844.523712,-0.2428121699227227
1710364844.523846,-0.5254591173595852
1710364844.5239797,-0.7797363069322374
1710364844.5241134,-0.990583234363132
1710364844.5242472,-1.1453910668690999
1710364844.5243812,-1.235403882132636
1710364844.524515,-1.2518653604719374
1710364844.5246487,-1.1940750810835097
1710364844.5247824,-1.064834992090861
1710364844.5249162,-0.8732514911227756
1710364844.5250502,-0.6319333447350396
1710364844.525184,-0.3527887993388706
1710364844.5253177,-0.052979886531829834
1710364844.5254514,0.24932950735092163
1710364844.5255854,0.5313311351670159
1710364844.5257192,0.7776008711920844
1710364844.525853,0.9741262594858805
1710364844.5259867,1.1061941252814398
1710364844.5261204,1.165046559439765
1710364844.5262544,1.1471806632147894
1710364844.5263882,1.0508447223239474
1710364844.526522,0.8840958939658271
1710364844.5266557,0.6577940119637383
1710364844.5267894,0.38595143291685313
1710364844.5269234,0.08503290514151256
1710364844.5270572,-0.2284521692328983
1710364844.527191,-0.5272103680504693
1710364844.5273247,-0.7982992463641696
1710364844.5274587,-1.0228057040108574
1710364844.5275924,-1.1881208419799805
1710364844.5277262,-1.2795346313052707
1710364844.52786,-1.2917931874593098
1710364844.5279937,-1.219642824596829
1710364844.5281277,-1.069738401307
1710364844.5282614,-0.8515363269382052
1710364844.5283952,-0.5800972382227579
1710364844.528529,-0.27258291840553284
1710364844.528663,0.05350477579567167
1710364844.5287967,0.37369049257702297
1710364844.5289304,0.668303370475769
1710364844.5290642,0.9194774760140313
1710364844.529198,1.114251348707411
1710364844.529332,1.2372109625074599
1710364844.5294657,1.280299425125122
1710364844.5295994,1.2407141261630588
1710364844.5297332,1.1216078864203558
1710364844.529867,0.9324390358395046
1710364844.530001,0.6847680277294582
1710364844.5301347,0.3950595524575975
1710364844.5302684,0.08117946485678355
1710364844.5304022,-0.23720827367570665
1710364844.5305362,-0.5356162124209933
1710364844.53067,-0.7982992463641696
1710364844.5308037,-1.0091461737950642
1710364844.5309374,-1.155898438559638
1710364844.5310712,-1.2283990118238661
1710364844.5312052,-1.221744351916843
1710364844.531339,-1.136284801695082
1710364844.5314727,-0.9793754418690999
1710364844.5316064,-0.7643255922529433
1710364844.5317404,-0.504794716835022
1710364844.5318742,-0.2147926390171051
1710364844.532008,0.08573353290557861
1710364844.5321417,0.3782445523473951
1710364844.5322754,0.6437814897961086
1710364844.5324094,0.8679815133412678
1710364844.5325432,1.0361315806706746
1710364844.532677,1.1398241255018446
1710364844.5328107,1.1706516477796767
1710364844.5329447,1.125811603334215
1710364844.5330784,1.0077562597062852
1710364844.5332122,0.8269949754079182
1710364844.533346,0.5943873855802748
1710364844.5334797,0.32324545913272434
1710364844.5336137,0.02968351874086592
1710364844.5337474,-0.2659282750553555
1710364844.5338812,-0.5457732743687099
1710364844.534015,-0.7954972982406616
1710364844.5341487,-1.0003900527954102
1710364844.5342827,-1.1481930149926078
1710364844.5344164,-1.231200959947374
1710364844.5345502,-1.2424087524414062
1710364844.534684,-1.1797149976094563
1710364844.534818,-1.0487237903806899
1710364844.5349517,-0.8571402894126045
1710364844.5350854,-0.6179235378901163
1710364844.5352192,-0.3436824679374695
1710364844.535353,-0.049827690753671855
1710364844.535487,0.24512575732337102
1710364844.5356207,0.520121157169342
1710364844.5357544,0.760435594452752
1710364844.5358882,0.9513559606340196
1710364844.5360222,1.0795703199174669
1710364844.536156,1.137722200817532
1710364844.5362897,1.1202066474490695
1710364844.5364234,1.0259724987877739
1710364844.5365572,0.8634274535708957
1710364844.5366912,0.6430808703104655
1710364844.536825,0.37789424260457355
1710364844.5369587,0.0839819676346249
1710364844.5370924,-0.22249801291359794
1710364844.5372262,-0.5160025424427456
1710364844.5373602,-0.7832387420866225
1710364844.537494,-1.0066945023006864
1710364844.5376277,-1.1720097064971924
1710364844.5377614,-1.2676262855529785
1710364844.5378954,-1.2847883171505399
1710364844.5380292,-1.219642824596829
1710364844.538163,-1.07674327161577
1710364844.5382967,-0.8658963441848755
1710364844.5384305,-0.6011118491490682
1710364844.5385644,-0.2978005011876424
1710364844.5386982,0.025830080525742635
1710364844.538832,0.3477673398123847
1710364844.5389657,0.6458833482530382
1710364844.5390997,0.903012818760342
1710364844.5392334,1.1040922005971272
1710364844.5393672,1.2358097235361736
1710364844.539501,1.288356648551093
1710364844.5396347,1.2585800223880343
1710364844.5397687,1.1471806632147894
1710364844.5399024,0.9632665581173366
1710364844.5400362,0.7215508487489488
1710364844.54017,0.4349951942761739
1710364844.5403037,0.12251635392506917
1710364844.5404377,-0.19728044668833414
1710364844.5405715,-0.4981400900416904
1710364844.5407052,-0.7643255922529433
1710364844.540839,-0.9797256522708468
1710364844.540973,-1.1299803521898057
1710364844.5411067,-1.2049326631757948
1710364844.5412405,-1.1993287669287787
1710364844.5413742,-1.1110672023561265
1710364844.541508,-0.9510056840048896
1710364844.541642,-0.7293011744817098
1710364844.5417757,-0.4599634806315104
1710364844.5419095,-0.16120529837078518
1710364844.5420432,0.149840729104148
1710364844.5421772,0.4497083028157552
1710364844.542311,0.7226018110911051
1710364844.5424447,0.9510056177775065
1710364844.5425785,1.1233594682481554
1710364844.5427122,1.226701603995429
1710364844.5428462,1.2554272015889485
1710364844.54298,1.2063834402296278
1710364844.5431137,1.0823728640874226
1710364844.5432475,0.8939046992195977
1710364844.5433815,0.6521889898512099
1710364844.5435152,0.37404080231984455
1710364844.543649,0.07417322032981448
1710364844.5437827,-0.2288024127483368
1710364844.5439165,-0.512850350803799
1710364844.5440505,-0.7636251052220662
1710364844.5441842,-0.9667666753133137
1710364844.544318,-1.1117676893870037
1710364844.5444517,-1.1895218160417345
1710364844.5445855,-1.1947755018870037
1710364844.5447195,-1.1275286144680448
1710364844.5448532,-0.991283721394009
1710364844.544987,-0.7972485489315456
1710364844.5451207,-0.5576815870073106
1710364844.5452547,-0.28624243206448025
1710364844.5453885,0.0020088237296375963
1710364844.5455222,0.289265149169498
1710364844.545656,0.5544517768753899
1710364844.5457897,0.7842568556467692
1710364844.5459237,0.964667797088623
1710364844.5460575,1.0834237602021959
1710364844.5461912,1.1314165592193604
1710364844.546325,1.1047928200827704
1710364844.546459,1.0053040583928425
1710364844.5465927,0.8399565352333916
1710364844.5467265,0.6189092662599351
1710364844.5468602,0.3551239106390211
1710364844.546994,0.0629632133576605
1710364844.547128,-0.23755851719114515
1710364844.5472617,-0.5265098479059007
1710364844.5473955,-0.7888426383336384
1710364844.5475292,-1.0098466608259413
1710364844.547663,-1.1737608909606934
1710364844.547797,-1.2693774700164795
1710364844.5479307,-1.2896916601392958
1710364844.5480645,-1.230500406689114
1710364844.5481982,-1.0949560006459553
1710364844.5483322,-0.8935656150182087
1710364844.548466,-0.6375372409820557
1710364844.5485997,-0.34228149387571544
1710364844.5487335,-0.026011094450950623
1710364844.5488672,0.29136700762642753
1710364844.5490012,0.5866805050108168
1710364844.549135,0.8431093560324775
1710364844.5492687,1.0459403196970622
1710364844.5494025,1.1808106634351943
1710364844.5495365,1.2389625443352592
1710364844.5496702,1.2151413493686252
1710364844.549804,1.110397842195299
1710364844.5499377,0.9331396553251479
1710364844.5500715,0.6963283485836452
1710364844.5502055,0.41397644413842094
1710364844.5503392,0.10359947052266863
1710364844.550473,-0.2158433695634206
1710364844.5506067,-0.5195049775971307
1710364844.5507405,-0.7898934019936455
1710364844.5508745,-1.0108974244859483
1710364844.5510082,-1.1674564414554172
1710364844.551142,-1.2497638331519232
1710364844.5512757,-1.2483628590901692
1710364844.5514097,-1.1650048361884222
1710364844.5515435,-1.0056437386406791
1710364844.5516772,-0.7825382550557454
1710364844.551811,-0.510748889711168
1710364844.5519447,-0.20813801222377354
1710364844.5520787,0.10990510384241739
1710364844.5522125,0.4164286123381721
1710364844.5523462,0.6956277290980021
1710364844.55248,0.9310377968682183
1710364844.552614,1.1079456408818562
1710364844.5527477,1.2161922454833984
1710364844.5528815,1.244567632675171
1710364844.5530152,1.1962244245741103
1710364844.553149,1.0697615808910794
1710364844.553283,0.8788412147098117
1710364844.5534167,0.633272131284078
1710364844.5535505,0.348818302154541
1710364844.5536842,0.04264508270555072
1710364844.5538182,-0.26347657044728595
1710364844.553952,-0.550326473183102
1710364844.5540857,-0.8025021685494317
1710364844.5542195,-1.0056437386406791
1710364844.5543532,-1.147842804590861
1710364844.5544872,-1.220693588256836
1710364844.554621,-1.218942403793335
1710364844.5547547,-1.1436398824055989
1710364844.5548885,-1.0003900527954102
1710364844.5550222,-0.7989997333950466
1710364844.5551562,-0.5527781777911716
1710364844.55529,-0.27783658769395614
1710364844.5554237,0.012518201644221941
1710364844.5555575,0.29872357845306396
1710364844.5556915,0.5621586243311564
1710364844.5558252,0.787759953074985
1710364844.555959,0.9625659386316935
1710364844.5560927,1.0764175653457642
1710364844.5562265,1.1195059617360432
1710364844.5563605,1.0893791251712375
1710364844.5564942,0.9856865803400675
1710364844.556628,0.8178868558671739
1710364844.5567617,0.5964893102645874
1710364844.5568957,0.3327039215299818
1710364844.5570295,0.04439664797650443
1710364844.5571632,-0.2515682743655311
1710364844.557297,-0.5363166994518703
1710364844.5574307,-0.7933958371480305
1710364844.5575647,-1.0087959633933172
1710364844.5576985,-1.1692077583736844
1710364844.5578322,-1.2630731529659696
1710364844.557966,-1.2833873430887859
1710364844.5580997,-1.226297484503852
1710364844.5582337,-1.0960066980785794
1710364844.5583675,-0.9002202749252319
1710364844.5585012,-0.6522474686304728
1710364844.558635,-0.36434686846203274
1710364844.558769,-0.054030621217356786
1710364844.5589027,0.25808733370569015
1710364844.5590365,0.5512989560763041
1710364844.5591702,0.8056259155273438
1710364844.559304,1.010208461019728
1710364844.559438,1.1478813489278157
1710364844.5595717,1.2116381857130263
1710364844.5597055,1.1941224998897977
1710364844.5598392,1.0970860057406955
1710364844.5599732,0.9278849760691324
1710364844.560107,0.6977296537823147
1710364844.5602407,0.422033601337009
1710364844.5603745,0.1158604191409217
1710364844.5605083,-0.20078288184271917
1710364844.5606422,-0.5030434992578294
1710364844.560776,-0.7755333847469753
1710364844.5609097,-1.0003900527954102
1710364844.5610435,-1.1622028880649142
1710364844.5611773,-1.2497638331519232
1710364844.5613112,-1.2553677293989394
1710364844.561445,-1.1776136027442083
1710364844.5615788,-1.0207042429182265
1710364844.5617125,-0.7989997333950466
1710364844.5618465,-0.5247586303287082
1710364844.5619802,-0.2172443601820204
1710364844.562114,0.10745291080739763
1710364844.5622478,0.42378518316480845
1710364844.5623815,0.7131433486938477
1710364844.5625155,0.9587124983469645
1710364844.5626493,1.145779424243503
1710364844.562783,1.2617328431871202
1710364844.5629168,1.2995666927761502
1710364844.5630507,1.2550769911872015
1710364844.5631845,1.1324675877888997
1710364844.5633183,0.9418974982367622
1710364844.563452,0.6945768329832289
1710364844.5635858,0.40837142202589244
1710364844.5637197,0.0979944732454088
1710364844.5638535,-0.21409215198622808
1710364844.5639873,-0.5058454473813375
1710364844.564121,-0.7618738545311822
1710364844.564255,-0.9660661882824367
1710364844.5643888,-1.1082652542326186
1710364844.5645225,-1.1786643664042156
1710364844.5646563,-1.1720097064971924
1710364844.56479,-1.0886516173680623
1710364844.564924,-0.9373461537890964
1710364844.5650578,-0.7279002004199557
1710364844.5651915,-0.4743234978781806
1710364844.5653253,-0.19307750794622633
1710364844.565459,0.10114728576607174
1710364844.565593,0.3873526718881395
1710364844.5657268,0.6479852067099677
1710364844.5658605,0.8693828185399373
1710364844.5659943,1.0382334391276042
1710364844.5661283,1.1419260501861572
1710364844.566262,1.1752057075500488
1710364844.5663958,1.133868826760186
1710364844.5665295,1.0200172000461154
1710364844.5666633,0.8427590131759644
1710364844.5667973,0.6129539675182766
1710364844.566931,0.34461451901329887
1710364844.5670648,0.053154461913638644
1710364844.5671985,-0.2431624134381612
1710364844.5673325,-0.5265098479059007
1710364844.5674663,-0.7793860965304904
1710364844.5676,-0.989532536930508
1710364844.5677338,-1.1446906460656059
1710364844.5678675,-1.233302354812622
1710364844.5680015,-1.2508145968119304
1710364844.5681353,-1.1923238966200087
1710364844.568269,-1.0634340180291069
1710364844.5684028,-0.8725510040918986
1710364844.5685365,-0.6305323706732856
1710364844.5686705,-0.3524385558234321
1710364844.5688043,-0.05333013004726834
1710364844.568938,0.24792826837963527
1710364844.5690718,0.5302802059385512
1710364844.5692058,0.7765499750773112
1710364844.5693395,0.972374677658081
1710364844.5694733,1.1054935057957966
1710364844.569607,1.1653969022962782
1710364844.5697408,1.1475310060713027
1710364844.5698748,1.052596304151747
1710364844.5700085,0.8868984381357828
1710364844.5701423,0.6619977288775973
1710364844.570276,0.39155642191569007
1710364844.57041,0.09133853018283844
1710364844.5705438,-0.22004630830552843
1710364844.5706775,-0.5195049775971307
1710364844.5708113,-0.7895431253645155
1710364844.570945,-1.0158008337020874
1710364844.571079,-1.1811159716712103
1710364844.5712128,-1.2735803922017415
1710364844.5713465,-1.2861892912122939
1710364844.5714803,-1.2154399024115667
1710364844.571614,-1.065885755750868
1710364844.571748,-0.8494348658455743
1710364844.5718818,-0.5797469615936279
1710364844.5720155,-0.27328340543640983
1710364844.5721493,0.051753210524717964
1710364844.5722833,0.3726395302348667
1710364844.572417,0.6676027509901259
1710364844.5725508,0.9205284383561876
1710364844.5726845,1.114951901965671
1710364844.5728183,1.2396632300482855
1710364844.5729523,1.2841529316372342
1710364844.573086,1.2463190820482042
1710364844.5732198,1.1289644241333008
1710364844.5733535,0.9394452969233195
1710364844.5734875,0.6942264901267158
1710364844.5736213,0.4055689109696282
1710364844.573755,0.0920391579469045
1710364844.5738888,-0.2263506915834215
1710364844.5740225,-0.5240581432978312
1710364844.5741565,-0.7867411772410074
1710364844.5742903,-0.9979383813010322
1710364844.574424,-1.1450408564673529
1710364844.5745578,-1.218241850535075
1710364844.5746918,-1.2115871906280518
1710364844.5748255,-1.1264779832628038
1710364844.5749593,-0.9702691104676988
1710364844.575093,-0.7552192608515421
1710364844.5752268,-0.49603862894905937
1710364844.5753608,-0.20673703816201952
1710364844.5754945,0.0941410329606798
1710364844.5756283,0.38665205240249634
1710364844.575762,0.6511380275090536
1710364844.5758958,0.8746374977959527
1710364844.5760298,1.0417366027832031
1710364844.5761635,1.1447285281287298
1710364844.5762973,1.1745050218370225
1710364844.576431,1.1282637384202745
1710364844.576565,1.0098581181632147
1710364844.5766988,0.8276955948935615
1710364844.5768325,0.5936867660946316
1710364844.5769663,0.3200926383336385
1710364844.5771,0.026530704150597252
1710364844.577234,-0.27258291840553284
1710364844.5773678,-0.5517274472448561
1710364844.5775015,-0.8021519581476847
1710364844.5776353,-1.0080954763624403
1710364844.5777693,-1.1569492022196453
1710364844.577903,-1.2392565939161513
1710364844.5780368,-1.2497638331519232
1710364844.5781705,-1.1870702107747395
1710364844.5783043,-1.05537838406033
1710364844.5784383,-0.8630943960613674
1710364844.578572,-0.6221265263027614
1710364844.5787058,-0.3478853901227315
1710364844.5788395,-0.05368037356270684
1710364844.5789733,0.24162262678146362
1710364844.5791073,0.5173186461130778
1710364844.579241,0.7572827736536661
1710364844.5793748,0.9478527969784206
1710364844.5795085,1.0764175653457642
1710364844.5796425,1.1342191696166992
1710364844.5797763,1.1153022448221843
1710364844.57991,1.0214184390174017
1710364844.5800438,0.8588733938005235
1710364844.5801775,0.637475848197937
1710364844.5803115,0.3719389107492235
1710364844.5804453,0.07697571482923296
1710364844.580579,-0.2295028997792138
1710364844.5807128,-0.5240581432978312
1710364844.5808468,-0.7912943760553995
1710364844.5809805,-1.0161510441038344
1710364844.5811143,-1.1821667353312175
1710364844.581248,-1.2781336572435167
1710364844.5813818,-1.2949453459845648
1710364844.5815158,-1.230150196287367
1710364844.5816495,-1.0883013407389324
1710364844.5817833,-0.8771042029062907
1710364844.581917,-0.6130201286739773
1710364844.5820508,-0.30900829368167454
1710364844.5821848,0.014970389505227406
1710364844.5823185,0.3376082910431756
1710364844.5824523,0.6367752287122939
1710364844.582586,0.8946053187052408
1710364844.58272,1.0960350433985393
1710364844.5828538,1.2281028429667156
1710364844.5829875,1.2820510069529216
1710364844.5831213,1.252624723646376
1710364844.583255,1.1419260501861572
1710364844.583389,0.9583622217178345
1710364844.5835228,0.7159458928638034
1710364844.5836565,0.4293901721636454
1710364844.5837903,0.11621072888374329
1710364844.5839243,-0.2039350734816657
1710364844.584058,-0.5061957240104675
1710364844.5841918,-0.7734319236543443
1710364844.5843256,-0.989182260301378
1710364844.5844593,-1.140487723880344
1710364844.5845933,-1.216140455669827
1710364844.584727,-1.2098360061645508
1710364844.5848608,-1.1215745078192816
1710364844.5849946,-0.9601120154062907
1710364844.5851285,-0.7380572954813639
1710364844.5852623,-0.467668871084849
1710364844.585396,-0.16750969820552403
1710364844.5855298,0.14528666933377585
1710364844.5856636,0.4469058248731825
1710364844.5857975,0.7204999526341757
1710364844.5859313,0.9510056177775065
1710364844.586065,1.1240600215064154
1710364844.5861988,1.2295040819380019
1710364844.5863326,1.2582298119862874
1710364844.5864666,1.2091860506269667
1710364844.5866003,1.0855256848865085
1710364844.586734,0.8967071771621704
1710364844.5868678,0.6553418106502956
1710364844.5870018,0.37614266077677405
1710364844.5871356,0.0759247773223453
1710364844.5872693,-0.22775168220202127
1710364844.587403,-0.511449376742045
1710364844.5875368,-0.7618738545311822
1710364844.5876708,-0.9653657012515597
1710364844.5878046,-1.1096662282943726
1710364844.5879383,-1.1867198679182265
1710364844.588072,-1.1902223692999945
1710364844.588206,-1.1215745078192816
1710364844.5883398,-0.983928640683492
1710364844.5884736,-0.7895431253645155
1710364844.5886073,-0.548925499121348
1710364844.588741,-0.27608535355991787
1710364844.588875,0.012518201644221941
1710364844.5890088,0.2994241979387071
1710364844.5891426,0.5646108256445991
1710364844.5892763,0.7933649751875136
1710364844.58941,0.972374677658081
1710364844.589544,1.0900797446568806
1710364844.5896778,1.1363209618462455
1710364844.5898116,1.1089966032240126
1710364844.5899453,1.0081066025627983
1710364844.5900793,0.8399565352333916
1710364844.590213,0.618208646774292
1710364844.5903468,0.35337236192491317
1710364844.5904806,0.06051102446185218
1710364844.5906143,-0.24001022179921466
1710364844.5907483,-0.5300123161739773
1710364844.590882,-0.7930456267462836
1710364844.5910158,-1.0122983985477023
1710364844.5911496,-1.1765628390842013
1710364844.5912836,-1.2721794181399875
1710364844.5914173,-1.2921433978610568
1710364844.591551,-1.232952144410875
1710364844.5916848,-1.0974076721403334
1710364844.5918186,-0.8960173527399699
1710364844.5919526,-0.6403391891055636
1710364844.5920863,-0.3457839290301005
1710364844.59222,-0.028813046713670094
1710364844.5923538,0.28786391019821167
1710364844.5924876,0.5838780270682441
1710364844.5926216,0.8396061923768785
1710364844.5927553,1.0420868794123332
1710364844.592889,1.1769572893778484
1710364844.5930228,1.2358097235361736
1710364844.5931568,1.2123388714260526
1710364844.5932906,1.1082959837383695
1710364844.5934243,0.9317384163538615
1710364844.593558,0.6952774524688721
1710364844.5936918,0.4136261012819078
1710364844.5938258,0.10359947052266863
1710364844.5939596,-0.2151428825325436
1710364844.5940933,-0.5181040035353767
1710364844.594227,-0.7874416642718844
1710364844.594361,-1.0087959633933172
1710364844.5944948,-1.1653550465901692
1710364844.5946286,-1.2466116746266682
1710364844.5947623,-1.2455609109666612
1710364844.594896,-1.1618525452084012
1710364844.59503,-1.0024915801154242
1710364844.5951638,-0.7793860965304904
1710364844.5952976,-0.5068962110413445
1710364844.5954313,-0.2028843429353502
1710364844.5955653,0.11551010111967722
1710364844.595699,0.42448580265045166
1710364844.5958328,0.7050861914952596
1710364844.5959666,0.9411968787511189
1710364844.5961003,1.1195059617360432
1710364844.5962343,1.2281028429667156
1710364844.596368,1.2596310509575737
1710364844.5965018,1.210587289598253
1710364844.5966356,1.0844747225443523
1710364844.5967693,0.8932040797339545
1710364844.5969033,0.6472845872243246
1710364844.597037,0.3628307912084791
1710364844.5971708,0.05595696055226856
1710364844.5973046,-0.2526190049118466
1710364844.5974386,-0.5405196216371324
1710364844.5975723,-0.7937461137771606
1710364844.597706,-0.9986388683319092
1710364844.5978398,-1.142238908343845
1710364844.5979736,-1.21579024526808
1710364844.5981076,-1.2154399024115667
1710364844.5982413,-1.140837934282091
1710364844.598375,-0.9982885917027791
1710364844.5985088,-0.7975987593332926
1710364844.5986428,-0.5524279342757331
1710364844.5987766,-0.27818683120939464
1710364844.5989103,0.011817575949761603
1710364844.599044,0.2973223394817776
1710364844.5991778,0.5593561463885837
1710364844.5993118,0.783556236161126
1710364844.5994456,0.9590628412034776
1710364844.5995793,1.0704622003767226
1710364844.599713,1.1139010058508978
1710364844.5998468,1.0827231407165527
1710364844.5999808,0.9786803192562527
1710364844.6001146,0.8094793558120728
1710364844.6002483,0.5877314673529731
1710364844.600382,0.32429642147488064
1710364844.600516,0.03563883403937022
1710364844.6006498,-0.2603243788083394
1710364844.6007836,-0.5447225438223945
1710364844.6009173,-0.8000504970550537
1710364844.601051,-1.0154505570729573
1710364844.601185,-1.1741111013624403
1710364844.6013188,-1.2679764959547255
1710364844.6014526,-1.2868897120157878
1710364844.6015863,-1.2297999858856201
1710364844.6017203,-1.0991589228312175
1710364844.601854,-0.9037227100796169
1710364844.6019878,-0.6550494167539809
1710364844.6021216,-0.36784930361641777
1710364844.6022553,-0.05788330402639177
1710364844.6023893,0.2535332573784722
1710364844.602523,0.5456939670774672
1710364844.6026568,0.8000208934148152
1710364844.6027906,1.003202199935913
1710364844.6029246,1.140875021616618
1710364844.6030583,1.203580962287055
1710364844.603192,1.1860654089185927
1710364844.6033258,1.0890287823147244
1710364844.6034596,0.9198278188705444
1710364844.6035936,0.6903730498419868
1710364844.6037273,0.41397644413842094
1710364844.603861,0.10815353857146369
1710364844.6039948,-0.20743752519289652
1710364844.6041286,-0.5100484026802911
1710364844.6042626,-0.7814875576231215
1710364844.6043963,-1.0066945023006864
1710364844.60453,-1.1688574155171711
1710364844.6046638,-1.2560682826571994
1710364844.6047978,-1.2623725997077093
1710364844.6049316,-1.1839179197947185
1710364844.6050653,-1.0280593898561265
1710364844.605199,-0.8056543933020698
1710364844.6053329,-0.5321137772666084
1710364844.6054668,-0.22354874345991346
1710364844.6056006,0.10044665800200568
1710364844.6057343,0.4178298513094584
1710364844.605868,0.7075383928087022
1710364844.606002,0.9534578190909492
1710364844.6061358,1.141225364473131
1710364844.6062696,1.2582298119862874
1710364844.6064034,1.295012633005778
1710364844.606537,1.252274513244629
1710364844.606671,1.129665109846327
1710364844.6068048,0.9390950202941895
1710364844.6069386,0.6921246316697862
1710364844.6070724,0.40521860122680664
1710364844.607206,0.09554228848881191
1710364844.60734,-0.2172443601820204
1710364844.6074739,-0.5096981591648525
1710364844.6076076,-0.7660767767164443
1710364844.6077414,-0.9709695974985758
1710364844.6078753,-1.1131686634487576
1710364844.608009,-1.1835677093929715
1710364844.6081429,-1.1772633923424614
1710364844.6082766,-1.0942555136150784
1710364844.6084104,-0.9422495630052354
1710364844.6085443,-0.7321031226052178
1710364844.608678,-0.47922690709431964
1710364844.6088119,-0.19622971614201862
1710364844.6089456,0.09904541075229645
1710364844.6090796,0.38595143291685313
1710364844.6092134,0.6476349300808376
1710364844.609347,0.8700834380255805
1710364844.6094809,1.0396346780988905
1710364844.6096146,1.1461297671000164
1710364844.6097486,1.180460320578681
1710364844.6098824,1.1398241255018446
1710364844.610016,1.0270234611299303
1710364844.6101499,0.8511665132310655
1710364844.6102836,0.622062087059021
1710364844.6104176,0.3547736008961995
1710364844.6105514,0.06436446474658118
1710364844.610685,-0.23195460438728333
1710364844.6108189,-0.5135508378346761
1710364844.6109529,-0.7664270533455743
1710364844.6110866,-0.9765734937455919
1710364844.6112204,-1.1313813262515597
1710364844.611354,-1.219642824596829
1710364844.6114879,-1.237155066596137
1710364844.6116219,-1.1800653404659696
1710364844.6117556,-1.0515257385041978
1710364844.6118894,-0.8613432115978664
1710364844.612023,-0.6203752756118774
1710364844.612157,-0.344032711452908
1710364844.6122909,-0.04562476028998693
1710364844.6124246,0.2545842031637828
1710364844.6125584,0.5358851949373881
1710364844.612692,0.7811040348476833
1710364844.612826,0.9765784607993232
1710364844.6129599,1.1082959837383695
1710364844.6130936,1.1678491698371039
1710364844.6132274,1.1503334840138753
1710364844.6133614,1.0550484392378066
1710364844.613495,0.8897009160783556
1710364844.6136289,0.6651505496766832
1710364844.6137626,0.3947092427147759
1710364844.6138964,0.09484166072474585
1710364844.6140304,-0.21619362963570488
1710364844.614164,-0.5153020554118686
1710364844.6142979,-0.7849899927775065
1710364844.6144316,-1.0108974244859483
1710364844.6145654,-1.1755120754241943
1710364844.6146994,-1.2679764959547255
1710364844.614833,-1.2809356053670247
1710364844.6149669,-1.2105365594228108
1710364844.6151006,-1.061332556936476
1710364844.6152346,-0.8448817332585652
1710364844.6153684,-0.5751937627792358
1710364844.615502,-0.2690804832511478
1710364844.6156359,0.056307274434301585
1710364844.6157696,0.37614266077677405
1710364844.6159036,0.6711058484183418
1710364844.6160374,0.9229806396696303
1710364844.6161711,1.117404169506497
1710364844.6163049,1.2407141261630588
1710364844.6164389,1.2859045134650335
1710364844.6165726,1.2477204534742568
1710364844.6167064,1.1293147669898138
1710364844.6168401,0.9404962592654758
1710364844.6169739,0.6935258706410726
1710364844.6171079,0.40486829148398507
1710364844.6172416,0.0902875926759508
1710364844.6173754,-0.2263506915834215
1710364844.6175091,-0.5244083868132697
1710364844.6176429,-0.7870914538701375
1710364844.6177769,-0.9986388683319092
1710364844.6179106,-1.1446906460656059
1710364844.6180444,-1.2168408764733207
1710364844.6181781,-1.2098360061645508
1710364844.6183121,-1.1240262455410428
1710364844.6184459,-0.9671168857150607
1710364844.6185796,-0.7517168256971571
1710364844.6187134,-0.4904347327020433
1710364844.6188471,-0.20078288184271917
1710364844.6189811,0.10079697602325015
1710364844.6191149,0.39260735114415485
1710364844.6192486,0.656743049621582
1710364844.6193824,0.8795418341954548
1710364844.6195164,1.0466409391827054
1710364844.6196501,1.1482315593295627
1710364844.6197839,1.1759062608083088
1710364844.6199176,1.1293147669898138
1710364844.6200514,1.0091574986775715
1710364844.6201854,0.8255937364366319
1710364844.6203191,0.5898333258099026
1710364844.620453,0.3169398506482442
1710364844.6205866,0.021626328428586323
1710364844.6207204,-0.27608535355991787
1710364844.6208544,-0.5569810999764336
1710364844.6209881,-0.8070553673638238
1710364844.621122,-1.0119481219185722
1710364844.6212556,-1.1611521244049072
1710364844.6213896,-1.2427589628431532
1710364844.6215234,-1.2539667553371854
1710364844.6216571,-1.1912731329600017
1710364844.621791,-1.060281793276469
1710364844.6219246,-0.8686982923083835
1710364844.6220586,-0.6284309095806545
1710364844.6221924,-0.35454001691606307
1710364844.6223261,-0.06138574331998825
1710364844.62246,0.23321512672636244
1710364844.6225939,0.5082105265723335
1710364844.6227276,0.7481746541129218
1710364844.6228614,0.9390950202941895
1710364844.6229951,1.0669591029485066
1710364844.623129,1.1251109176211886
1710364844.623263,1.1082959837383695
1710364844.6233966,1.0133612818188138
1710364844.6235304,0.8522174755732218
1710364844.6236641,0.6315205494562784
1710364844.6237981,0.36808547046449447
1710364844.623932,0.07347259256574842
1710364844.6240656,-0.2312541173564063
1710364844.6241994,-0.5261596043904623
1710364844.6243331,-0.7926953501171535
1710364844.6244671,-1.0175520181655884
1710364844.624601,-1.1832174989912245
1710364844.6247346,-1.2798848417070177
1710364844.6248684,-1.298447847366333
1710364844.6250021,-1.234353118472629
1710364844.6251361,-1.0932047499550712
1710364844.62527,-0.8837587965859307
1710364844.6254036,-0.6207254860136244
1710364844.6255374,-0.31636344061957467
1710364844.6256714,0.006913200227750672
1710364844.6258051,0.329551100730896
1710364844.625939,0.6283677286571926
1710364844.6260726,0.8872487147649128
1710364844.6262064,1.0893791251712375
1710364844.6263404,1.2224978870815701
1710364844.6264741,1.2767963939242892
1710364844.626608,1.249121692445543
1710364844.6267416,1.1387732293870714
1710364844.6268756,0.9566106398900349
1710364844.6270094,0.7145446538925171
1710364844.6271431,0.4293901721636454
1710364844.627277,0.1158604191409217
1710364844.6274107,-0.2039350734816657
1710364844.6275446,-0.506545967525906
1710364844.6276784,-0.7734319236543443
1710364844.6278121,-0.989532536930508
1710364844.627946,-1.141188144683838
1710364844.6280797,-1.217191219329834
1710364844.6282136,-1.2122877438863118
1710364844.6283474,-1.1247266663445366
1710364844.6284811,-0.9639647271898057
1710364844.628615,-0.741909941037496
1710364844.628749,-0.47362301084730357
1710364844.6288826,-0.17311359445254007
1710364844.6290164,0.1379301067855623
1710364844.6291502,0.4395492540465461
1710364844.629284,0.7120924525790744
1710364844.629418,0.9418974982367622
1710364844.6295516,1.114601559109158
1710364844.6296854,1.218644380569458
1710364844.6298192,1.2470197677612305
1710364844.6299531,1.1983263492584229
1710364844.630087,1.0743156406614516
1710364844.6302207,0.8858474757936265
1710364844.6303544,0.6444821092817519
1710364844.6304882,0.36598361200756496
1710364844.6306221,0.06576571613550186
1710364844.630756,-0.23545703954166836
1710364844.6308897,-0.5184542470508151
1710364844.6310234,-0.7678280274073283
1710364844.6311572,-0.9692183468076918
1710364844.6312912,-1.1124682426452637
1710364844.631425,-1.1891716056399875
1710364844.6315587,-1.1919735537634955
1710364844.6316924,-1.1219247182210286
1710364844.6318264,-0.9835783640543619
1710364844.6319602,-0.7884924279318916
1710364844.632094,-0.5475244919459025
1710364844.6322277,-0.2750346230136024
1710364844.6323614,0.014269764845569927
1710364844.6324954,0.3011757797665066
1710364844.6326292,0.5660120646158854
1710364844.632763,0.795466833644443
1710364844.6328967,0.9748268789715236
1710364844.6330307,1.0928822225994534
1710364844.6331644,1.1401744683583577
1710364844.6332982,1.1135506629943848
1710364844.633432,1.0137115584479437
1710364844.6335657,0.8476634158028497
1710364844.6336997,0.6262658702002631
1710364844.6338334,0.3628307912084791
1710364844.6339672,0.07102040780915155
1710364844.634101,-0.2291526562637753
1710364844.634235,-0.5177537600199381
1710364844.6343687,-0.7800865835613674
1710364844.6345024,-0.9993393553627862
1710364844.6346362,-1.1639540725284152
1710364844.63477,-1.2595706515842013
1710364844.634904,-1.2802350521087646
1710364844.6350377,-1.222444772720337
1710364844.6351714,-1.0890018277698092
1710364844.6353052,-0.8879617187711928
1710364844.635439,-0.6333343187967936
1710364844.635573,-0.34018003278308445
1710364844.6357067,-0.02496036183502939
1710364844.6358404,0.2917173504829407
1710364844.6359742,0.5863302283816867
1710364844.6361082,0.8424087365468342
1710364844.636242,1.0445390807257757
1710364844.6363757,1.180460320578681
1710364844.6365094,1.2393128871917725
1710364844.6366432,1.2168929311964247
1710364844.6367772,1.1132003201378715
1710364844.636911,0.9373434384663899
1710364844.6370447,0.7019333706961738
1710364844.6371784,0.4202820526229011
1710364844.6373124,0.10990510384241739
1710364844.6374462,-0.20918874277008903
1710364844.63758,-0.512850350803799
1710364844.6377137,-0.7832387420866225
1710364844.6378474,-1.0056437386406791
1710364844.6379814,-1.1636038621266682
1710364844.6381152,-1.2462614642249212
1710364844.638249,-1.2469618850284152
1710364844.6383827,-1.1650048361884222
1710364844.6385164,-1.0066945023006864
1710364844.6386504,-0.7846397161483765
1710364844.6387842,-0.512850350803799
1710364844.638918,-0.20883849925465053
1710364844.6390517,0.10885416633552975
1710364844.6391857,0.4174795415666368
1710364844.6393194,0.6991308927536011
1710364844.6394532,0.9362924761242336
1710364844.639587,1.114251348707411
1710364844.6397207,1.2242494689093695
1710364844.6398547,1.256828573015001
1710364844.6399884,1.2077848116556804
1710364844.6401222,1.083774103058709
1710364844.640256,0.8932040797339545
1710364844.64039,0.6472845872243246
1710364844.6405237,0.3635314106941223
1710364844.6406574,0.05840914944807688
1710364844.6407912,-0.24946681327290005
1710364844.640925,-0.5373674299981859
1710364844.641059,-0.7902436123953925
1710364844.6411927,-0.9947861565483941
1710364844.6413264,-1.137685775756836
1710364844.6414602,-1.2108867698245578
1710364844.641594,-1.2112369802263048
1710364844.641728,-1.135934591293335
1710364844.6418617,-0.9933851824866401
1710364844.6419954,-0.7930456267462836
1710364844.6421292,-0.5492757426367866
1710364844.6422632,-0.2743341359827253
1710364844.642397,0.014620076657997238
1710364844.6425307,0.29907388819588554
1710364844.6426644,0.5614580048455132
1710364844.6427982,0.7853077517615424
1710364844.6429322,0.9583622217178345
1710364844.643066,1.0697615808910794
1710364844.6431997,1.111098461680942
1710364844.6433334,1.0788697004318237
1710364844.6434674,0.9744766023423936
1710364844.6436012,0.8049252960417006
1710364844.643735,0.5824767880969577
1710364844.6438687,0.31939201884799534
1710364844.6440024,0.02933320485883289
1710364844.6441364,-0.266278518570794
1710364844.6442702,-0.5499762296676636
1710364844.644404,-0.8063548803329468
1710364844.6445377,-1.0214047299491034
1710364844.6446717,-1.1811159716712103
1710364844.6448054,-1.2739307350582547
1710364844.6449392,-1.2938945823245578
1710364844.645073,-1.2364546457926433
1710364844.6452067,-1.1058135165108574
1710364844.6453407,-0.91002709335751
1710364844.6454744,-0.6613538000318739
1710364844.6456082,-0.37415368689431083
1710364844.645742,-0.06488818675279617
1710364844.6458757,0.24652701285150316
1710364844.6460097,0.5390380157364739
1710364844.6461434,0.7933649751875136
1710364844.6462772,0.9965462817086114
1710364844.646411,1.1342191696166992
1710364844.646545,1.1965747674306233
1710364844.6466787,1.179409424463908
1710364844.6468124,1.0816722446017795
1710364844.6469462,0.9124712149302164
1710364844.64708,0.6823158926433986
1710364844.647214,0.40591925382614136
1710364844.6473477,0.10009634825918409
1710364844.6474814,-0.21654387315114337
1710364844.6476152,-0.5184542470508151
1710364844.6477492,-0.7912943760553995
1710364844.647883,-1.0143998596403334
1710364844.6480167,-1.1769130494859483
1710364844.6481504,-1.2641239166259766
1710364844.6482842,-1.2707784440782335
1710364844.6484182,-1.1916233433617485
1710364844.648552,-1.0354144705666435
1710364844.6486857,-0.8116084999508327
1710364844.6488194,-0.5377176735136244
1710364844.6489532,-0.2288024127483368
1710364844.6490872,0.09694353573852114
1710364844.649221,0.4136261012819078
1710364844.6493547,0.7050861914952596
1710364844.6494884,0.9506553411483765
1710364844.6496224,1.1405246787601047
1710364844.6497562,1.257178783416748
1710364844.64989,1.2953628434075248
1710364844.6500237,1.2508731418185763
1710364844.6501575,1.1286140812767875
1710364844.6502914,0.9373434384663899
1710364844.6504252,0.6910736693276299
1710364844.650559,0.4027664330270555
1710364844.6506927,0.09238946768972608
1710364844.6508267,-0.22039655182096693
1710364844.6509604,-0.512850350803799
1710364844.6510942,-0.7706299755308363
1710364844.651228,-0.9765734937455919
1710364844.6513617,-1.1191227700975206
1710364844.6514957,-1.1895218160417345
1710364844.6516294,-1.1825169457329643
1710364844.6517632,-1.0998594098620944
1710364844.651897,-0.9475032488505045
1710364844.6520307,-0.7377070188522339
1710364844.6521647,-0.4837800727950202
1710364844.6522985,-0.20043263832728067
1710364844.6524322,0.09519197046756744
1710364844.652566,0.38279861211776733
1710364844.6527,0.6437814897961086
1710364844.6528337,0.8669306172264947
1710364844.6529675,1.0361315806706746
1710364844.6531012,1.141575707329644
1710364844.653235,1.1766069465213351
1710364844.653369,1.1356204085879855
1710364844.6535027,1.0228196779886882
1710364844.6536365,0.8469627963172065
1710364844.6537702,0.618208646774292
1710364844.6539042,0.3516207800971137
1710364844.654038,0.06016071471903059
1710364844.6541717,-0.23475655251079136
1710364844.6543055,-0.5153020554118686
1710364844.6544392,-0.7678280274073283
1710364844.6545732,-0.9755227300855849
1710364844.654707,-1.1292799313863118
1710364844.6548407,-1.217191219329834
1710364844.6549745,-1.232952144410875
1710364844.6551085,-1.1748116546207004
1710364844.6552422,-1.0459218422571819
1710364844.655376,-0.8543383412890964
1710364844.6555097,-0.6133704053031074
1710364844.6556435,-0.33632732099956936
1710364844.6557775,-0.03791939467191696
1710364844.6559112,0.26264139347606236
1710364844.656045,0.5435920755068461
1710364844.6561787,0.787759953074985
1710364844.6563125,0.9828841023974948
1710364844.6564465,1.1139010058508978
1710364844.6565802,1.172753440009223
1710364844.656714,1.1552378866407607
1710364844.6568477,1.0592522223790486
1710364844.6569817,0.8928537368774414
1710364844.6571155,0.6676027509901259
1710364844.6572492,0.39716141091452706
1710364844.657383,0.09694353573852114
1710364844.6575167,-0.2147926390171051
1710364844.6576507,-0.5135508378346761
1710364844.6577845,-0.7839392291174995
1710364844.6579182,-1.0098466608259413
1710364844.658052,-1.1748116546207004
1710364844.658186,-1.2679764959547255
1710364844.6583197,-1.2809356053670247
1710364844.6584535,-1.2105365594228108
1710364844.6585872,-1.0620330439673529
1710364844.658721,-0.8452319436603122
1710364844.658855,-0.5751937627792358
1710364844.6589887,-0.2690804832511478
1710364844.6591225,0.05595696055226856
1710364844.6592562,0.37684328026241726
1710364844.65939,0.6718064679039849
1710364844.659524,0.9250824981265597
1710364844.6596577,1.1198563045925565
1710364844.6597915,1.244567632675171
1710364844.6599252,1.2894075446658664
1710364844.6600592,1.252274513244629
1710364844.660193,1.1352700657314725
1710364844.6603267,0.9464515580071343
1710364844.6604605,0.7001817888683742
1710364844.6605942,0.4111739330821567
1710364844.6607282,0.09869510100947486
1710364844.660862,-0.22004630830552843
1710364844.6609957,-0.5184542470508151
1710364844.6611295,-0.7814875576231215
1710364844.6612635,-0.9926846954557631
1710364844.6613972,-1.139787170622084
1710364844.661531,-1.2122877438863118
1710364844.6616647,-1.2059832943810356
1710364844.6617985,-1.1212242974175346
1710364844.6619325,-0.9639647271898057
1710364844.6620662,-0.747864113913642
1710364844.6622,-0.48623181051678127
1710364844.6623337,-0.19622971614201862
1710364844.6624675,0.10570135381486681
1710364844.6626015,0.3989129927423265
1710364844.6627352,0.6640995873345269
1710364844.662869,0.8879493342505561
1710364844.6630027,1.0560994015799627
1710364844.6631367,1.1590912606981065
1710364844.6632705,1.1888678868611653
1710364844.6634042,1.141575707329644
1710364844.663538,1.021768781873915
1710364844.6636717,0.8382049534055922
1710364844.6638057,0.602444609006246
1710364844.6639395,0.3288504812452528
1710364844.6640732,0.03248601944910155
1710364844.664207,-0.266979005601671
1710364844.664341,-0.548925499121348
1710364844.6644747,-0.8007509840859307
1710364844.6646085,-1.0070447127024333
1710364844.6647422,-1.157649623023139
1710364844.664876,-1.2410077783796523
1710364844.66501,-1.2525657812754314
1710364844.6651437,-1.1909227901034884
1710364844.6652775,-1.059931582874722
1710364844.6654112,-0.8686982923083835
1710364844.6655452,-0.6298318836424086
1710364844.665679,-0.3559409909778171
1710364844.6658127,-0.0627867215209537
1710364844.6659465,0.23111325171258715
1710364844.6660802,0.5061086350017123
1710364844.6662142,0.7457224527994791
1710364844.666348,0.9359421994951036
1710364844.6664817,1.064506901635064
1710364844.6666155,1.122308439678616
1710364844.6667492,1.1040922005971272
1710364844.6668832,1.010208461019728
1710364844.667017,0.8476634158028497
1710364844.6671507,0.6276671091715494
1710364844.6672845,0.3628307912084791
1710364844.6674185,0.06926884253819783
1710364844.6675522,-0.23510679602622986
1710364844.667686,-0.5293118291431003
1710364844.6678197,-0.7961977852715386
1710364844.6679535,-1.0196534792582195
1710364844.6680875,-1.1856692367129855
1710364844.6682212,-1.2816360261705186
1710364844.668355,-1.299498478571574
1710364844.6684887,-1.235754092534383
1710364844.6686227,-1.0946057240168254
1710364844.6687565,-0.8844592836168077
1710364844.6688902,-0.6207254860136244
1710364844.669024,-0.31881514522764415
1710364844.6691577,0.004461011849343777
1710364844.6692917,0.3277995189030965
1710364844.6694255,0.6248646312289767
1710364844.6695592,0.8830449978510538
1710364844.669693,1.0844747225443523
1710364844.6698267,1.2168929311964247
1710364844.6699607,1.2711913055843778
1710364844.6700945,1.242115365134345
1710364844.6702282,1.1317669020758734
1710364844.670362,0.9499546554353502
1710364844.670496,0.7082390122943454
1710364844.6706297,0.42273425393634373
1710364844.6707635,0.11025541358523898
1710364844.6708972,-0.20883849925465053
1710364844.671031,-0.5103986461957296
1710364844.671165,-0.7765841484069824
1710364844.6712987,-0.9926846954557631
1710364844.6714325,-1.143289672003852
1710364844.6715662,-1.219292614195082
1710364844.6717002,-1.2126379542880588
1710364844.671834,-1.1261276404062908
1710364844.6719677,-0.9636144505606757
1710364844.6721015,-0.741559730635749
1710364844.6722353,-0.4718717932701111
1710364844.6723692,-0.17346383796797857
1710364844.672503,0.1379301067855623
1710364844.6726367,0.43919894430372447
1710364844.6727705,0.7113918330934312
1710364844.6729043,0.941547155380249
1710364844.6730382,1.1124997668796115
1710364844.673172,1.2161922454833984
1710364844.6733057,1.2438669469621446
1710364844.6734395,1.195173528459337
1710364844.6735735,1.0701119237475925
1710364844.6737072,0.8816437588797675
1710364844.673841,0.6406286689970229
1710364844.6739748,0.3614295522371928
1710364844.6741085,0.06121165222591824
1710364844.6742425,-0.2403604653146532
1710364844.6743762,-0.5226571692360772
1710364844.67451,-0.7713304625617133
1710364844.6746438,-0.9737715456220839
1710364844.6747777,-1.1163208219740126
1710364844.6749115,-1.1909227901034884
1710364844.6750453,-1.1930243174235027
1710364844.675179,-1.1222750610775418
1710364844.6753128,-0.9842788510852389
1710364844.6754467,-0.7874416642718844
1710364844.6755805,-0.5461235178841485
1710364844.6757143,-0.27328340543640983
1710364844.675848,0.016721952706575394
1710364844.675982,0.30397829082277084
1710364844.6761158,0.5695152282714844
1710364844.6762495,0.799320273929172
1710364844.6763833,0.9793809387418959
1710364844.676517,1.0974362823698256
1710364844.676651,1.145779424243503
1710364844.6767848,1.1195059617360432
1710364844.6769185,1.0193165805604723
1710364844.6770523,0.8546696768866645
1710364844.677186,0.6329217884275649
1710364844.67732,0.36983705229229397
1710364844.6774538,0.07837697035736507
1710364844.6775875,-0.22144728236728245
1710364844.6777213,-0.5100484026802911
1710364844.6778553,-0.7720309495925903
1710364844.677989,-0.9923344850540161
1710364844.6781228,-1.1569492022196453
1710364844.6782565,-1.2532663345336914
1710364844.6783903,-1.2749813662634955
1710364844.6785243,-1.217191219329834
1710364844.678658,-1.0844486289554172
1710364844.6787918,-0.8844592836168077
1710364844.6789255,-0.6315830681059096
1710364844.6790595,-0.3391293022367689
1710364844.6791933,-0.024610118319590885
1710364844.679327,0.29206766022576225
1710364844.6794608,0.5856296088960435
1710364844.6795945,0.8427590131759644
1710364844.6797285,1.0452397002114189
1710364844.6798623,1.1815113491482205
1710364844.679996,1.241064469019572
1710364844.6801298,1.218994723425971
1710364844.6802635,1.1160027980804443
1710364844.6803975,0.9411968787511189
1710364844.6805313,0.7054365343517727
1710364844.680665,0.4251864221360948
1710364844.6807988,0.1158604191409217
1710364844.6809328,-0.2035848299662272
1710364844.6810665,-0.5061957240104675
1710364844.6812003,-0.7769343588087294
1710364844.681334,-0.9989890787336562
1710364844.6814678,-1.1569492022196453
1710364844.6816018,-1.2399570147196453
1710364844.6817355,-1.240307225121392
1710364844.6818693,-1.157649623023139
1710364844.682003,-0.9986388683319092
1710364844.682137,-0.7755333847469753
1710364844.6822708,-0.5030434992578294
1710364844.6824045,-0.19868142075008816
1710364844.6825383,0.12076478865411547
1710364844.682672,0.4307914442486233
1710364844.682806,0.7127930720647176
1710364844.6829398,0.9503049982918633
1710364844.6830735,1.129665109846327
1710364844.6832073,1.2386122014787462
1710364844.683341,1.2704907523261175
1710364844.683475,1.222147544225057
1710364844.6836088,1.0977866252263386
1710364844.6837425,0.9047643343607584
1710364844.6838763,0.6584946314493815
1710364844.6840103,0.3733401828342014
1710364844.684144,0.06646633976035647
1710364844.6842778,-0.2417614393764072
1710364844.6844115,-0.5300123161739773
1710364844.6845453,-0.7849899927775065
1710364844.6846793,-0.988832049899631
1710364844.684813,-1.1313813262515597
1710364844.6849468,-1.2042321099175346
1710364844.6850805,-1.2028311358557806
1710364844.6852145,-1.1261276404062908
1710364844.6853483,-0.981476902961731
1710364844.685482,-0.7807870705922444
1710364844.6856158,-0.5352659689055549
1710364844.6857495,-0.25892340474658543
1710364844.6858835,0.02968351874086592
1710364844.6860173,0.31518826882044476
1710364844.686151,0.5754705270131429
1710364844.6862848,0.7989699310726589
1710364844.6864188,0.9709734386867946
1710364844.6865525,1.07992066277398
1710364844.6866863,1.1202066474490695
1710364844.68682,1.0848250654008653
1710364844.6869538,0.9779796997706095
1710364844.6870878,0.8066768116421169
1710364844.6872215,0.5821264452404445
1710364844.6873553,0.3172901603910658
1710364844.687489,0.026881018032630283
1710364844.6876228,-0.2701312137974633
1710364844.6877568,-0.5548796388838027
1710364844.6878905,-0.8105578025182087
1710364844.6880243,-1.0256076521343656
1710364844.688158,-1.1839179197947185
1710364844.688292,-1.2763824727800157
1710364844.6884258,-1.295996109644572
1710364844.6885595,-1.2378556198543973
1710364844.6886933,-1.1075647672017415
1710364844.688827,-0.910727580388387
1710364844.688961,-0.6634552611245049
1710364844.6890948,-0.3762551479869419
1710364844.6892285,-0.06769013901551564
1710364844.6893623,0.2437245017952389
1710364844.6894963,0.5348342657089233
1710364844.68963,0.7884605725606282
1710364844.6897638,0.991291602452596
1710364844.6898975,1.1282637384202745
1710364844.6900313,1.1909698115454779
1710364844.6901653,1.1734541257222493
1710364844.690299,1.0767678419748943
1710364844.6904328,0.9079171551598443
1710364844.6905665,0.6791630718443129
1710364844.6907003,0.4034670525126987
1710364844.6908343,0.09869510100947486
1710364844.690968,-0.2168941166665819
1710364844.6911018,-0.5181040035353767
1710364844.6912355,-0.7891929149627686
1710364844.6913695,-1.0133490959803264
1710364844.6915033,-1.1748116546207004
1710364844.691637,-1.2616721789042156
1710364844.6917708,-1.2672760751512315
1710364844.6919045,-1.1888213952382405
1710364844.6920385,-1.0322623120413885
1710364844.6921723,-0.8091568284564548
1710364844.692306,-0.5342152383592393
1710364844.6924398,-0.22565020455254448
1710364844.6925738,0.10044665800200568
1710364844.6927075,0.4185305039087931
1710364844.6928413,0.7096402512656318
1710364844.692975,0.956960916519165
1710364844.6931088,1.145779424243503
1710364844.6932428,1.2627838717566595
1710364844.6933765,1.3009679317474365
1710364844.6935103,1.257529126273261
1710364844.693644,1.1345693800184462
1710364844.693778,0.9432987372080485
1710364844.6939118,0.6949271096123589
1710364844.6940455,0.4073204927974277
1710364844.6941793,0.09624290797445509
1710364844.694313,-0.2179448472128974
1710364844.694447,-0.511449376742045
1710364844.6945808,-0.7681782378090752
1710364844.6947145,-0.9744720326529609
1710364844.6948483,-1.1177217960357666
1710364844.694982,-1.1884711848364935
1710364844.695116,-1.1821667353312175
1710364844.6952498,-1.0988086462020874
1710364844.6953835,-0.9461022747887505
1710364844.6955173,-0.7359558343887329
1710364844.6956513,-0.48307958576414317
1710364844.695785,-0.19973215129640368
1710364844.6959188,0.09519197046756744
1710364844.6960526,0.38384954134623206
1710364844.6961863,0.644832452138265
1710364844.6963203,0.8669306172264947
1710364844.696454,1.0347303416993883
1710364844.6965878,1.1401744683583577
1710364844.6967216,1.1731037828657362
1710364844.6968555,1.1328177981906467
1710364844.6969893,1.0193165805604723
1710364844.697123,0.8431093560324775
1710364844.6972568,0.6150558259752061
1710364844.6973906,0.3474170300695631
1710364844.6975245,0.057708525823222265
1710364844.6976583,-0.23790876070658365
1710364844.697792,-0.5170532729890611
1710364844.6979258,-0.7678280274073283
1710364844.6980596,-0.9762232171164619
1710364844.6981936,-1.1296301417880588
1710364844.6983273,-1.216140455669827
1710364844.698461,-1.231551170349121
1710364844.6985948,-1.1723599168989394
1710364844.6987288,-1.0434701045354207
1710364844.6988626,-0.8529373009999592
1710364844.6989963,-0.6109186675813463
1710364844.69913,-0.3345761034223768
1710364844.6992638,-0.036518416470951505
1710364844.6993978,0.2633420129617055
1710364844.6995316,0.5442926949924892
1710364844.6996653,0.7888109154171413
1710364844.699799,0.9842853413687812
1710364844.699933,1.1170538266499836
1710364844.7000668,1.176256603664822
1710364844.7002006,1.1590912606981065
1710364844.7003343,1.064156625005934
1710364844.700468,0.8998599979612563
1710364844.700602,0.676010251045227
1710364844.7007358,0.40626956356896293
1710364844.7008696,0.10745291080739763
1710364844.7010033,-0.2032345864507887
1710364844.701137,-0.5016425251960754
1710364844.701271,-0.7720309495925903
1710364844.7014048,-0.9979383813010322
1710364844.7015386,-1.1639540725284152
1710364844.7016723,-1.2578194671207004
1710364844.7018063,-1.2725297609965007
1710364844.70194,-1.2035316891140408
1710364844.7020738,-1.056779358122084
1710364844.7022076,-0.8424299955368042
1710364844.7023413,-0.5737927887174818
1710364844.7024753,-0.2687302397357093
1710364844.702609,0.05525633692741394
1710364844.7027428,0.37614266077677405
1710364844.7028766,0.6714561912748549
1710364844.7030106,0.9243818786409166
1710364844.7031443,1.1195059617360432
1710364844.703278,1.245268185933431
1710364844.7034118,1.291509469350179
1710364844.7035456,1.2554272015889485
1710364844.7036796,1.1384228865305583
1710364844.7038133,0.9510056177775065
1710364844.703947,0.7047358486387465
1710364844.7040808,0.41677892208099365
1710364844.7042148,0.10289885103702545
1710364844.7043486,-0.2151428825325436
1710364844.7044823,-0.5142513248655531
1710364844.704616,-0.7779851224687364
1710364844.7047498,-0.990583234363132
1710364844.7048838,-1.13838619656033
1710364844.7050176,-1.2119375334845648
1710364844.7051513,-1.2066838476392958
1710364844.705285,-1.1215745078192816
1710364844.7054188,-0.9639647271898057
1710364844.7055528,-0.748214324315389
1710364844.7056866,-0.48658205403221977
1710364844.7058203,-0.19517898559570312
1710364844.705954,0.1078032288286421
1710364844.706088,0.40101485119925606
1710364844.7062218,0.6676027509901259
1710364844.7063556,0.8921531173917983
1710364844.7064893,1.0610038042068481
1710364844.706623,1.1636453204684787
1710364844.706757,1.1934219466315374
1710364844.7068908,1.1475310060713027
1710364844.7070246,1.026322841644287
1710364844.7071583,0.8431093560324775
1710364844.7072923,0.6069986687766181
1710364844.707426,0.333404541015625
1710364844.7075598,0.03774070905314551
1710364844.7076936,-0.26172535287009346
1710364844.7078273,-0.5433215697606405
1710364844.7079613,-0.7944466008080376
1710364844.708095,-1.0003900527954102
1710364844.7082288,-1.148893568250868
1710364844.7083626,-1.231901380750868
1710364844.7084963,-1.2420585420396593
1710364844.7086303,-1.1793647872077093
1710364844.708764,-1.0480233033498128
1710364844.7088978,-0.8564398023817275
1710364844.7090316,-0.6175733274883694
1710364844.7091656,-0.344733198483785
1710364844.7092993,-0.05192915598551432
1710364844.709433,0.2398710780673557
1710364844.7095668,0.5127645863427056
1710364844.7097006,0.7506268554263644
1710364844.7098346,0.9387446774376763
1710364844.7099683,1.064156625005934
1710364844.710102,1.1188054084777832
1710364844.7102358,1.0984872447119818
1710364844.7103698,1.0035525427924261
1710364844.7105036,0.8385552962621052
1710364844.7106373,0.617858370145162
1710364844.710771,0.3523213995827569
1710364844.7109048,0.056307274434301585
1710364844.7110388,-0.24806583921114603
1710364844.7111726,-0.5412201086680094
1710364844.7113063,-0.8077558543947008
1710364844.71144,-1.0308613379796345
1710364844.7115738,-1.1965268188052707
1710364844.7117078,-1.2917931874593098
1710364844.7118416,-1.3086048762003581
1710364844.7119753,-1.2438097265031602
1710364844.712109,-1.1019608709547255
1710364844.712243,-0.8911139435238308
1710364844.7123768,-0.6263294484880235
1710364844.7125106,-0.3237185544437832
1710364844.7126443,0.0006075733755197789
1710364844.712778,0.32289514938990277
1710364844.712912,0.621711810429891
1710364844.7130458,0.8791915575663248
1710364844.7131796,1.0806212822596233
1710364844.7133133,1.2133897675408256
1710364844.7134473,1.2666372458140056
1710364844.713581,1.2379116482204862
1710364844.7137148,1.1279135280185275
1710364844.7138486,0.945400595664978
1710364844.7139823,0.7033346096674601
1710364844.7141163,0.4174795415666368
1710364844.71425,0.10430009828673469
1710364844.7143838,-0.2158433695634206
1710364844.7145176,-0.5170532729890611
1710364844.7146516,-0.7849899927775065
1710364844.7147853,-1.001090539826287
1710364844.714919,-1.152045726776123
1710364844.7150528,-1.2276984585656059
1710364844.7151866,-1.22209456231859
1710364844.7153206,-1.1338330639733207
1710364844.7154543,-0.9723705715603298
1710364844.715588,-0.749265087975396
1710364844.7157218,-0.47922690709431964
1710364844.7158556,-0.1783672637409634
1710364844.7159896,0.1340766665008333
1710364844.7161233,0.4356958137618171
1710364844.716257,0.7099905941221449
1710364844.7163908,0.9401459164089626
1710364844.7165248,1.1132003201378715
1710364844.7166586,1.2172431415981717
1710364844.7167923,1.2466694249047172
1710364844.716926,1.1969251102871366
1710364844.7170599,1.0729144016901653
1710364844.7171938,0.8840958939658271
1710364844.7173276,0.6416796313391792
1710364844.7174613,0.36248048146565753
1710364844.717595,0.062262589732805886
1710364844.717729,-0.24071070883009169
1710364844.7178628,-0.5237078997823927
1710364844.7179966,-0.7734319236543443
1710364844.7181304,-0.9755227300855849
1710364844.718264,-1.1194731129540336
1710364844.718398,-1.1937248706817627
1710364844.7185318,-1.1972272396087646
1710364844.7186656,-1.1261276404062908
1710364844.7187994,-0.988481773270501
1710364844.718933,-0.7916446526845295
1710364844.719067,-0.5499762296676636
1710364844.7192008,-0.27678584059079486
1710364844.7193346,0.012868514491452111
1710364844.7194684,0.29907388819588554
1710364844.7196023,0.5653114451302422
1710364844.719736,0.7933649751875136
1710364844.7198699,0.9737759166293674
1710364844.7200036,1.091480983628167
1710364844.7201374,1.1405246787601047
1710364844.7202713,1.114601559109158
1710364844.720405,1.0154631402757432
1710364844.7205389,0.849064654774136
1710364844.7206726,0.6301193104849921
1710364844.7208066,0.3666842314932081
1710364844.7209404,0.07732603285047743
1710364844.721074,-0.22214776939815944
1710364844.7212079,-0.5100484026802911
1710364844.7213416,-0.7695792118708292
1710364844.7214756,-0.989182260301378
1710364844.7216094,-1.152396069632636
1710364844.721743,-1.2483628590901692
1710364844.7218769,-1.2683268388112385
1710364844.7220106,-1.2105365594228108
1710364844.7221446,-1.0774437586466472
1710364844.7222784,-0.8785051769680446
1710364844.722412,-0.6249284744262695
1710364844.7225459,-0.33247464232974583
1710364844.7226799,-0.018655968209107716
1710364844.7228136,0.29627141025331283
1710364844.7229474,0.5901836686664157
1710364844.723081,0.8462621768315632
1710364844.7232149,1.0473415586683485
1710364844.7233489,1.1829125881195068
1710364844.7234826,1.241414811876085
1710364844.7236164,1.218644380569458
1710364844.72375,1.1156525876786973
1710364844.723884,0.9404962592654758
1710364844.7240179,0.7047358486387465
1710364844.7241516,0.4234348734219869
1710364844.7242854,0.11410885386996798
1710364844.724419,-0.20463556051254272
1710364844.724553,-0.5072464545567831
1710364844.7246869,-0.7790358199013604
1710364844.7248206,-1.0000398423936632
1710364844.7249544,-1.1579999658796523
1710364844.7250884,-1.240307225121392
1710364844.725222,-1.2410077783796523
1710364844.7253559,-1.159050597084893
1710364844.7254896,-1.0000398423936632
1710364844.7256234,-0.7772846354378594
1710364844.7257574,-0.5051449603504604
1710364844.725891,-0.20043263832728067
1710364844.7260249,0.11901323166158465
1710364844.7261586,0.42833924293518066
1710364844.7262924,0.7099905941221449
1710364844.7264264,0.9478527969784206
1710364844.72656,1.1265122890472412
1710364844.7266939,1.2365104092491996
1710364844.7268276,1.268038484785292
1710364844.7269616,1.218994723425971
1710364844.7270954,1.0946338044272528
1710364844.727229,0.903012818760342
1710364844.7273629,0.6563927067650689
1710364844.7274966,0.3715886010064019
1710364844.7276306,0.06471477862861422
1710364844.7277644,-0.24386290046903822
1710364844.7278981,-0.5324640207820468
1710364844.7280319,-0.7860406902101305
1710364844.7281659,-0.989532536930508
1710364844.7282996,-1.1327823003133137
1710364844.7284334,-1.2049326631757948
1710364844.7285671,-1.2021307150522869
1710364844.7287009,-1.1250770092010498
1710364844.7288349,-0.980776415930854
1710364844.7289686,-0.7779851224687364
1710364844.7291024,-0.5324640207820468
1710364844.7292361,-0.2554209530353546
1710364844.7293699,0.03493820627530416
1710364844.7295039,0.3197423285908169
1710364844.7296376,0.5814258257548014
1710364844.7297714,0.8052755726708306
1710364844.7299051,0.9779796997706095
1710364844.7300391,1.0872772004869249
1710364844.7301729,1.1268624994489882
1710364844.7303066,1.091831260257297
1710364844.7304404,0.9849859608544244
1710364844.7305741,0.8129824532402886
1710364844.7307081,0.587381190723843
1710364844.7308419,0.321844220161438
1710364844.7309756,0.030033830553293228
1710364844.7311094,-0.2673292491171095
1710364844.7312434,-0.5524279342757331
1710364844.7313771,-0.8098573154873318
1710364844.7315109,-1.0256076521343656
1710364844.7316446,-1.1849686834547255
1710364844.7317784,-1.2788340780470107
1710364844.7319124,-1.299148268169827
1710364844.7320461,-1.2427589628431532
1710364844.7321799,-1.1128184530470107
1710364844.7323136,-0.9180827273262872
1710364844.7324474,-0.670810408062405
1710364844.7325814,-0.3853615125020345
1710364844.7327151,-0.07819746103551653
1710364844.732849,0.23251450724071926
1710364844.7329826,0.5229236351119148
1710364844.7331166,0.7765499750773112
1710364844.7332504,0.9783299763997395
1710364844.7333841,1.1160027980804443
1710364844.733518,1.1780081854926214
1710364844.7336516,1.1604924996693928
1710364844.7337856,1.0631056626637776
1710364844.7339194,0.8942549758487277
1710364844.7340531,0.6655008925331963
1710364844.734187,0.39015518294440377
1710364844.7343209,0.08503290514151256
1710364844.7344546,-0.2302033868100908
1710364844.7345884,-0.5310630467202928
1710364844.7347221,-0.8025021685494317
1710364844.734856,-1.0266584157943726
1710364844.73499,-1.1884711848364935
1710364844.7351236,-1.2749813662634955
1710364844.7352574,-1.2805853949652777
1710364844.7353911,-1.2024809254540336
1710364844.7355251,-1.0466223292880588
1710364844.735659,-0.8231665690739949
1710364844.7357926,-0.548925499121348
1710364844.7359264,-0.23965997828377616
1710364844.7360601,0.0860838426484002
1710364844.7361941,0.4034670525126987
1710364844.736328,0.6945768329832289
1710364844.7364616,0.9411968787511189
1710364844.7365954,1.1289644241333008
1710364844.7367291,1.2463190820482042
1710364844.7368631,1.2845032744937472
1710364844.736997,1.241064469019572
1710364844.7371306,1.1188054084777832
1710364844.7372644,0.9268340799543593
1710364844.7373984,0.6795133484734429
1710364844.7375321,0.39260735114415485
1710364844.737666,0.08258072038491567
1710364844.7377996,-0.2302033868100908
1710364844.7379334,-0.5223069257206386
1710364844.7380674,-0.7790358199013604
1710364844.7382011,-0.9835783640543619
1710364844.738335,-1.1254272196027968
1710364844.7384686,-1.1944252914852567
1710364844.7386026,-1.1863696575164795
1710364844.7387364,-1.1019608709547255
1710364844.7388701,-0.9478534592522515
1710364844.739004,-0.7377070188522339
1710364844.7391376,-0.4820288552178277
1710364844.7392716,-0.19868142075008816
1710364844.7394054,0.09659322599569956
1710364844.7395391,0.3841998510890537
1710364844.739673,0.645182728767395
1710364844.7398067,0.8669306172264947
1710364844.7399406,1.0347303416993883
1710364844.7400744,1.1384228865305583
1710364844.7402081,1.1713522010379367
1710364844.740342,1.1289644241333008
1710364844.740476,1.0151127974192302
1710364844.7406096,0.8375043339199489
1710364844.7407434,0.6087502506044176
1710364844.7408772,0.34181204107072616
1710364844.741011,0.051402900781896375
1710364844.741145,-0.24526387453079224
1710364844.7412786,-0.5244083868132697
1710364844.7414124,-0.7748328977160983
1710364844.7415462,-0.982177389992608
1710364844.7416801,-1.133482853571574
1710364844.741814,-1.219993167453342
1710364844.7419477,-1.233652565214369
1710364844.7420814,-1.1737608909606934
1710364844.7422152,-1.0431198279062908
1710364844.7423491,-0.8511861165364583
1710364844.742483,-0.6095176935195923
1710364844.7426167,-0.33212439881430733
1710364844.7427504,-0.03371646420823203
1710364844.7428842,0.26684514350361294
1710364844.7430182,0.5463945865631104
1710364844.743152,0.7923140128453572
1710364844.7432857,0.9867375426822238
1710364844.7434194,1.11845506562127
1710364844.7435534,1.1783585283491347
1710364844.7436872,1.1601422892676458
1710364844.743821,1.0638062821494207
1710364844.7439547,0.899159378475613
1710364844.7440884,0.6753096315595839
1710364844.7442224,0.40626956356896293
1710364844.7443562,0.10745291080739763
1710364844.74449,-0.2032345864507887
1710364844.7446237,-0.5019927687115139
1710364844.7447577,-0.7723812262217203
1710364844.7448914,-0.9989890787336562
1710364844.7450252,-1.1643042829301622
1710364844.745159,-1.2595706515842013
1710364844.7452927,-1.2739307350582547
1710364844.7454267,-1.2056330839792888
1710364844.7455604,-1.0595813062455919
1710364844.7456942,-0.8448817332585652
1710364844.745828,-0.5779957109027438
1710364844.745962,-0.27223267489009434
1710364844.7460957,0.05245383828878403
1710364844.7462294,0.3726395302348667
1710364844.7463632,0.6665517886479696
1710364844.746497,0.9205284383561876
1710364844.746631,1.1167034837934706
1710364844.7467647,1.2424657079908583
1710364844.7468984,1.2890573342641194
1710364844.7470322,1.2540259626176622
1710364844.747166,1.1373718579610188
1710364844.7473,0.9510056177775065
1710364844.7474337,0.7050861914952596
1710364844.7475674,0.4178298513094584
1710364844.7477012,0.10430009828673469
1710364844.7478352,-0.21409215198622808
1710364844.747969,-0.5125001072883606
1710364844.7481027,-0.7762338717778523
1710364844.7482364,-0.989182260301378
1710364844.7483702,-1.136284801695082
1710364844.7485042,-1.2105365594228108
1710364844.748638,-1.2045823203192816
1710364844.7487717,-1.1191227700975206
1710364844.7489054,-0.9625637531280518
1710364844.7490394,-0.747163626882765
1710364844.7491732,-0.4841303163104587
1710364844.749307,-0.19342775146166483
1710364844.7494407,0.10920447607835133
1710364844.7495744,0.40241612328423393
1710364844.7497084,0.6690039899614122
1710364844.7498422,0.8932040797339545
1710364844.749976,1.0613540808359783
1710364844.7501097,1.163995663324992
1710364844.7502434,1.1934219466315374
1710364844.7503774,1.1464801099565294
1710364844.7505112,1.026322841644287
1710364844.750645,0.8420583936903212
1710364844.7507787,0.606298049290975
1710364844.7509127,0.3327039215299818
1710364844.7510464,0.03668977154625787
1710364844.7511802,-0.26137510935465497
1710364844.751314,-0.5426210827297634
1710364844.7514477,-0.7926953501171535
1710364844.7515817,-0.9979383813010322
1710364844.7517154,-1.1457414097256131
1710364844.7518492,-1.2273482481638591
1710364844.751983,-1.237505276997884
1710364844.752117,-1.1744614442189534
1710364844.7522507,-1.0424193408754137
1710364844.7523844,-0.8508358399073283
1710364844.7525182,-0.6119694312413534
1710364844.752652,-0.3391293022367689
1710364844.752786,-0.047375982006390885
1710364844.7529197,0.24512575732337102
1710364844.7530534,0.5169683363702562
1710364844.7531872,0.7534293333689371
1710364844.753321,0.9404962592654758
1710364844.753455,1.0652075211207073
1710364844.7535887,1.1202066474490695
1710364844.7537224,1.099187864197625
1710364844.7538562,1.003202199935913
1710364844.7539902,0.8385552962621052
1710364844.754124,0.6168074078030056
1710364844.7542577,0.3512704703542921
1710364844.7543914,0.05595696055226856
1710364844.7545252,-0.24876632624202305
1710364844.7546592,-0.5426210827297634
1710364844.754793,-0.8091568284564548
1710364844.7549267,-1.0329627990722656
1710364844.7550604,-1.1986282136705186
1710364844.7551944,-1.2942447927263048
1710364844.7553282,-1.3124575879838731
1710364844.755462,-1.2487130694919162
1710364844.7555957,-1.1075647672017415
1710364844.7557294,-0.8981188138326008
1710364844.7558634,-0.6343850162294176
1710364844.7559972,-0.33247464232974583
1710364844.756131,-0.00849889125674963
1710364844.7562647,0.3134367201063368
1710364844.7563987,0.6122533480326334
1710364844.7565324,0.8700834380255805
1710364844.7566662,1.072213782204522
1710364844.7568,1.2063834402296278
1710364844.7569337,1.2596310509575737
1710364844.7570677,1.2323066923353407
1710364844.7572014,1.122658782535129
1710364844.7573352,0.9408465358946059
1710364844.757469,0.6994811693827311
1710364844.7576027,0.41397644413842094
1710364844.7577367,0.10079697602325015
1710364844.7578704,-0.2189955777592129
1710364844.7580042,-0.5205557081434462
1710364844.758138,-0.7877919409010146
1710364844.758272,-1.0045930412080553
1710364844.7584057,-1.155548228157891
1710364844.7585394,-1.231901380750868
1710364844.7586732,-1.2266476949055989
1710364844.758807,-1.139787170622084
1710364844.758941,-0.9772739807764689
1710364844.7590747,-0.7552192608515421
1710364844.7592084,-0.4848308033413357
1710364844.7593422,-0.18432142006026372
1710364844.7594762,0.12847166922357348
1710364844.75961,0.4311417539914449
1710364844.7597437,0.7054365343517727
1710364844.7598774,0.9369930956098769
1710364844.7600112,1.110397842195299
1710364844.7601452,1.2154916922251384
1710364844.760279,1.2449178430769179
1710364844.7604127,1.1965747674306233
1710364844.7605464,1.0729144016901653
1710364844.7606802,0.8847965796788533
1710364844.7608142,0.6430808703104655
1710364844.760948,0.36423203017976546
1710364844.7610817,0.06401415086454815
1710364844.7612154,-0.23790876070658365
1710364844.7613494,-0.5212561951743232
1710364844.7614832,-0.7709802521599664
1710364844.761617,-0.9737715456220839
1710364844.7617507,-1.1177217960357666
1710364844.7618845,-1.1933745278252494
1710364844.7620184,-1.1972272396087646
1710364844.7621522,-1.1271784040662978
1710364844.762286,-0.989882747332255
1710364844.7624197,-0.7944466008080376
1710364844.7625537,-0.5534786648220485
1710364844.7626874,-0.28133902284834117
1710364844.7628212,0.007613825404809581
1710364844.762955,0.2938192089398702
1710364844.7630887,0.5597064892450968
1710364844.7632227,0.7888109154171413
1710364844.7633564,0.9695721997155083
1710364844.7634902,1.087627543343438
1710364844.763624,1.1366713047027588
1710364844.7637577,1.111098461680942
1710364844.7638917,1.0126606623331706
1710364844.7640254,0.8483640352884928
1710364844.7641592,0.629418690999349
1710364844.764293,0.3673848509788513
1710364844.764427,0.07837697035736507
1710364844.7645607,-0.22004630830552843
1710364844.7646945,-0.5068962110413445
1710364844.7648282,-0.7678280274073283
1710364844.764962,-0.987080799208747
1710364844.765096,-1.150294542312622
1710364844.7652297,-1.2459111213684082
1710364844.7653635,-1.2672760751512315
1710364844.7654972,-1.2101862165662978
1710364844.7656312,-1.07674327161577
1710364844.765765,-0.8771042029062907
1710364844.7658987,-0.6235275003645155
1710364844.7660325,-0.3310736682679918
1710364844.7661662,-0.016204260496629607
1710364844.7663002,0.29977450768152875
1710364844.766434,0.5940371089511447
1710364844.7665677,0.8518671327167087
1710364844.7667015,1.0550484392378066
1710364844.7668355,1.1923710505167644
1710364844.7669692,1.252624723646376
1710364844.767103,1.2316060066223145
1710364844.7672367,1.1293147669898138
1710364844.7673705,0.9552094009187486
1710364844.7675045,0.7201496097776625
1710364844.7676382,0.4388486345609029
1710364844.767772,0.12952260673046112
1710364844.7679057,-0.1920267773999108
1710364844.7680395,-0.49603862894905937
1710364844.7681735,-0.7692290014690822
1710364844.7683072,-0.991984208424886
1710364844.768441,-1.152396069632636
1710364844.7685747,-1.2378556198543973
1710364844.7687087,-1.240307225121392
1710364844.7688425,-1.1594009399414062
1710364844.7689762,-1.0028417905171711
1710364844.76911,-0.7807870705922444
1710364844.7692437,-0.5089976721339755
1710364844.7693777,-0.2039350734816657
1710364844.7695115,0.11621072888374329
1710364844.7696452,0.425887041621738
1710364844.769779,0.7096402512656318
1710364844.769913,0.9482031398349338
1710364844.7700467,1.1293147669898138
1710364844.7701805,1.2403637833065457
1710364844.7703142,1.2739937835269504
1710364844.770448,1.226001050737169
1710364844.770582,1.1023406849967108
1710364844.7707157,0.9107196993298
1710364844.7708495,0.6651505496766832
1710364844.7709832,0.37999610106150306
1710364844.771117,0.07277196480168237
1710364844.771251,-0.23650777008798388
1710364844.7713847,-0.5261596043904623
1710364844.7715185,-0.7804367939631144
1710364844.7716522,-0.986030101776123
1710364844.7717862,-1.1299803521898057
1710364844.77192,-1.2028311358557806
1710364844.7720537,-1.2017803721957736
1710364844.7721875,-1.1250770092010498
1710364844.7723212,-0.9797256522708468
1710364844.7724552,-0.7783353328704834
1710364844.772589,-0.5314132902357314
1710364844.7727227,-0.2550707095199161
1710364844.7728565,0.03493820627530416
1710364844.7729905,0.3200926383336385
1710364844.7731242,0.5821264452404445
1710364844.773258,0.8063265350129869
1710364844.7733917,0.9800815582275391
1710364844.7735255,1.0907803641425238
1710364844.7736595,1.130015320248074
1710364844.7737932,1.0963853200276692
1710364844.773927,0.9902406401104397
1710364844.7740607,0.8192880948384602
1710364844.7741945,0.594737728436788
1710364844.7743285,0.33025172021653915
1710364844.7744622,0.03914195630285475
1710364844.774596,-0.25752241412798565
1710364844.7747297,-0.5419205956988864
1710364844.7748637,-0.7989997333950466
1710364844.7749975,-1.0147500700420804
1710364844.7751312,-1.1744614442189534
1710364844.775265,-1.2686770492129855
1710364844.7753987,-1.2896916601392958
1710364844.7755327,-1.233652565214369
1710364844.7756665,-1.1054633061091106
1710364844.7758002,-0.9121285544501411
1710364844.775934,-0.666257275475396
1710364844.776068,-0.38255956437852645
1710364844.7762017,-0.07679648697376251
1710364844.7763355,0.23286481698354083
1710364844.7764692,0.5208217766549852
1710364844.776603,0.7733971542782253
1710364844.776737,0.9741262594858805
1710364844.7768707,1.110397842195299
1710364844.7770045,1.172753440009223
1710364844.7771382,1.1541869905259874
1710364844.7772722,1.0578509834077623
1710364844.777406,0.8882996771070693
1710364844.7775397,0.6602461470497979
1710364844.7776735,0.38560112317403156
1710364844.7778072,0.0801285273498959
1710364844.7779412,-0.23370582196447584
1710364844.778075,-0.5345654818746779
1710364844.7782087,-0.8053041166729397
1710364844.7783425,-1.0298105743196275
1710364844.7784762,-1.1909227901034884
1710364844.7786102,-1.2777834468417697
1710364844.778744,-1.2837375534905326
1710364844.7788777,-1.2056330839792888
1710364844.7790115,-1.0480233033498128
1710364844.7791455,-0.825268030166626
1710364844.7792792,-0.5499762296676636
1710364844.779413,-0.2403604653146532
1710364844.7795467,0.08538322316275702
1710364844.7796805,0.40486829148398507
1710364844.7798145,0.6963283485836452
1710364844.7799482,0.9446999761793349
1710364844.780082,1.1342191696166992
1710364844.7802157,1.252274513244629
1710364844.7803497,1.2908087836371527
1710364844.7804835,1.2477204534742568
1710364844.7806172,1.125461260477702
1710364844.780751,0.933840341038174
1710364844.7808847,0.6861693329281277
1710364844.7810187,0.3985626829995049
1710364844.7811525,0.08678447041246626
1710364844.7812862,-0.22705119517114428
1710364844.78142,-0.5212561951743232
1710364844.7815537,-0.7783353328704834
1710364844.7816877,-0.9849793381161159
1710364844.7818215,-1.1275286144680448
1710364844.7819552,-1.1979277928670247
1710364844.782089,-1.1909227901034884
1710364844.782223,-1.1065140035417345
1710364844.7823567,-0.9534573554992676
1710364844.7824905,-0.742610428068373
1710364844.7826242,-0.48763278457853526
1710364844.782758,-0.2035848299662272
1710364844.782892,0.09238946768972608
1710364844.7830257,0.3803464108043247
1710364844.7831595,0.6427305274539523
1710364844.7832932,0.8651790353986952
1710364844.7834272,1.0336793793572319
1710364844.783561,1.1387732293870714
1710364844.7836947,1.172753440009223
1710364844.7838285,1.1317669020758734
1710364844.7839622,1.017915341589186
1710364844.7840962,0.8417081170611911
1710364844.78423,0.6126036908891466
1710364844.7843637,0.34566548135545516
1710364844.7844975,0.05385508553849326
1710364844.7846313,-0.24141119586096868
1710364844.7847652,-0.5212561951743232
1710364844.784899,-0.7734319236543443
1710364844.7850327,-0.980776415930854
1710364844.7851665,-1.133482853571574
1710364844.7853005,-1.221043798658583
1710364844.7854342,-1.2364546457926433
1710364844.785568,-1.1776136027442083
1710364844.7857018,-1.0490740007824368
1710364844.7858355,-0.8574904998143513
1710364844.7859695,-0.6168728404574924
1710364844.7861032,-0.33947954575220746
1710364844.786237,-0.04212232099639045
1710364844.7863708,0.25913826293415493
1710364844.7865047,0.5400889449649386
1710364844.7866385,0.7849574751324123
1710364844.7867723,0.9814827971988254
1710364844.786906,1.114601559109158
1710364844.7870398,1.1759062608083088
1710364844.7871737,1.1601422892676458
1710364844.7873075,1.0669591029485066
1710364844.7874413,0.9037134382459853
1710364844.787575,0.6809145874447292
1710364844.787709,0.4132757915390862
1710364844.7878428,0.11551010111967722
1710364844.7879765,-0.19377799497710332
1710364844.7881103,-0.49183570676379734
1710364844.788244,-0.7618738545311822
1710364844.788378,-0.987080799208747
1710364844.7885118,-1.15309649043613
1710364844.7886455,-1.2476624382866752
1710364844.7887793,-1.2623725997077093
1710364844.788913,-1.1944252914852567
1710364844.789047,-1.0476730267206829
1710364844.7891808,-0.83402415116628
1710364844.7893145,-0.5667879184087118
1710364844.7894483,-0.2610248658392164
1710364844.7895823,0.062262589732805886
1710364844.789716,0.38279861211776733
1710364844.7898498,0.6770612133873833
1710364844.7899835,0.9303371773825752
1710364844.7901173,1.125811603334215
1710364844.7902513,1.2512234846750896
1710364844.790385,1.2967642148335774
1710364844.7905188,1.260331604215834
1710364844.7906525,1.1436774995591905
1710364844.7907865,0.9555596775478786
1710364844.7909203,0.7096402512656318
1710364844.791054,0.42098267210854423
1710364844.7911878,0.1078032288286421
1710364844.7913215,-0.21164044737815857
1710364844.7914555,-0.5110991332266066
1710364844.7915893,-0.7744826873143513
1710364844.791723,-0.987080799208747
1710364844.7918568,-1.135234038035075
1710364844.7919905,-1.2087852425045438
1710364844.7921245,-1.2010799513922796
1710364844.7922583,-1.1152701907687717
1710364844.792392,-0.9559090932210286
1710364844.7925258,-0.7384075058831109
1710364844.7926598,-0.4757244719399346
1710364844.7927935,-0.18327067295710245
1710364844.7929273,0.12041447891129388
1710364844.793061,0.4146770636240641
1710364844.7931948,0.6809145874447292
1710364844.7933288,0.9051146772172716
1710364844.7934625,1.0725641250610352
1710364844.7935963,1.1759062608083088
1710364844.79373,1.2039313051435683
1710364844.793864,1.156288782755534
1710364844.7939978,1.033329102728102
1710364844.7941315,0.8494149976306491
1710364844.7942653,0.6119030714035034
1710364844.794399,0.337257981300354
1710364844.794533,0.04019289794895384
1710364844.7946668,-0.25857316123114693
1710364844.7948005,-0.540169378121694
1710364844.7949343,-0.7902436123953925
1710364844.7950683,-0.9947861565483941
1710364844.795202,-1.143289672003852
1710364844.7953358,-1.224196089638604
1710364844.7954695,-1.232952144410875
1710364844.7956033,-1.1692077583736844
1710364844.7957373,-1.0361149575975206
1710364844.795871,-0.8445314566294352
1710364844.7960048,-0.6049645609325832
1710364844.7961385,-0.33247464232974583
1710364844.7962723,-0.041071590450074934
1710364844.7964063,0.25073076287905377
1710364844.79654,0.5218727058834499
1710364844.7966738,0.7583336697684394
1710364844.7968075,0.9446999761793349
1710364844.7969415,1.0690609614054363
1710364844.7970753,1.1230091253916423
1710364844.797209,1.1012897226545546
1710364844.7973428,1.0049537817637126
1710364844.7974765,0.8399565352333916
1710364844.7976105,0.6185589896308051
1710364844.7977443,0.35267170932557845
1710364844.797878,0.057708525823222265
1710364844.7980118,-0.24736533562342325
1710364844.7981458,-0.5405196216371324
1710364844.7982795,-0.8070553673638238
1710364844.7984133,-1.0308613379796345
1710364844.798547,-1.1979277928670247
1710364844.7986808,-1.2945951355828178
1710364844.7988148,-1.3128077983856201
1710364844.7989485,-1.2508145968119304
1710364844.7990823,-1.1114174789852567
1710364844.799216,-0.9030222230487399
1710364844.7993498,-0.6410396761364406
1710364844.7994838,-0.34053027629852295
1710364844.7996175,-0.01830572469366921
1710364844.7997513,0.3032776382234361
1710364844.799885,0.6010433700349596
1710364844.800019,0.8588733938005235
1710364844.8001528,1.0613540808359783
1710364844.8002865,1.1944728427463107
1710364844.8004203,1.24877134958903
1710364844.800554,1.2217972013685439
1710364844.800688,1.1128499772813585
1710364844.8008218,0.9317384163538615
1710364844.8009555,0.6914240121841431
1710364844.8010893,0.4069701830546061
1710364844.8012233,0.09519197046756744
1710364844.801357,-0.22319849994447497
1710364844.8014908,-0.5244083868132697
1710364844.8016245,-0.7912943760553995
1710364844.8017583,-1.0073949893315632
1710364844.8018923,-1.1583501762813992
1710364844.802026,-1.234002908070882
1710364844.8021598,-1.2283990118238661
1710364844.8022935,-1.139787170622084
1710364844.8024273,-0.9783246782090929
1710364844.8025613,-0.7548689842224121
1710364844.802695,-0.4848308033413357
1710364844.8028288,-0.18362091647254095
1710364844.8029625,0.12952260673046112
1710364844.8030965,0.43254299296273124
1710364844.8032303,0.7068377733230591
1710364844.803364,0.93769371509552
1710364844.8034978,1.111098461680942
1710364844.8036315,1.2161922454833984
1710364844.8037655,1.2449178430769179
1710364844.8038993,1.19552387131585
1710364844.804033,1.0715131627188788
1710364844.8041668,0.8819940355088975
1710364844.8043008,0.6402783923678927
1710364844.8044345,0.3617798619800144
1710364844.8045683,0.060861338343885206
1710364844.804702,-0.2417614393764072
1710364844.8048358,-0.5247586303287082
1710364844.8049698,-0.7748328977160983
1710364844.8051035,-0.9762232171164619
1710364844.8052373,-1.1187725596957736
1710364844.805371,-1.1951258447435167
1710364844.805505,-1.1968770292070177
1710364844.8056388,-1.1257774300045438
1710364844.8057725,-0.987781286239624
1710364844.8059063,-0.7909441656536526
1710364844.80604,-0.549625986152225
1710364844.806174,-0.27748632762167186
1710364844.8063078,0.011467264137334293
1710364844.8064415,0.29872357845306396
1710364844.8065753,0.5632095866733127
1710364844.806709,0.7919637362162272
1710364844.806843,0.9709734386867946
1710364844.8069768,1.0886785056855943
1710364844.8071105,1.1356204085879855
1710364844.8072443,1.1089966032240126
1710364844.8073783,1.0098581181632147
1710364844.807512,0.8448609378602769
1710364844.8076458,0.6245142883724636
1710364844.8077796,0.36213017172283596
1710364844.8079133,0.07207134531603919
1710364844.8080473,-0.22670095165570575
1710364844.808181,-0.512850350803799
1710364844.8083148,-0.7734319236543443
1710364844.8084486,-0.9916339980231391
1710364844.8085825,-1.15379704369439
1710364844.8087163,-1.2490634123484294
1710364844.80885,-1.2693774700164795
1710364844.8089838,-1.2108867698245578
1710364844.8091176,-1.0774437586466472
1710364844.8092515,-0.8774544133080376
1710364844.8093853,-0.6238777107662624
1710364844.809519,-0.3307234247525533
1710364844.8096528,-0.016204260496629607
1710364844.8097866,0.30047516028086346
1710364844.8099205,0.5943873855802748
1710364844.8100543,0.8515168560875787
1710364844.810188,1.0550484392378066
1710364844.8103218,1.1913200219472249
1710364844.8104558,1.252274513244629
1710364844.8105896,1.2305551105075412
1710364844.8107233,1.130015320248074
1710364844.810857,0.9555596775478786
1710364844.8109908,0.7208502292633057
1710364844.8111248,0.4406001832750108
1710364844.8112586,0.131974791487058
1710364844.8113923,-0.18712336818377176
1710364844.811526,-0.4907849762174818
1710364844.81166,-0.7618738545311822
1710364844.8117938,-0.9849793381161159
1710364844.8119276,-1.1443404356638591
1710364844.8120613,-1.2287492222256131
1710364844.812195,-1.232251591152615
1710364844.812329,-1.151695516374376
1710364844.8124628,-0.9947861565483941
1710364844.8125966,-0.7734319236543443
1710364844.8127303,-0.5019927687115139
1710364844.812864,-0.19763069020377264
1710364844.812998,0.12111510667535993
1710364844.8131318,0.43149206373426646
1710364844.8132656,0.7138440344068739
1710364844.8133993,0.9520565801196628
1710364844.8135333,1.1321172449323866
1710364844.813667,1.2428160508473713
1710364844.8138008,1.27574536535475
1710364844.8139346,1.2277526325649686
1710364844.8140683,1.1037419239679973
1710364844.8142023,0.9121209383010864
1710364844.814336,0.6658511691623263
1710364844.8144698,0.38104703028996784
1710364844.8146036,0.07347259256574842
1710364844.8147376,-0.23510679602622986
1710364844.8148713,-0.5244083868132697
1710364844.815005,-0.7786856094996134
1710364844.8151388,-0.983228153652615
1710364844.8152726,-1.1271784040662978
1710364844.8154066,-1.1993287669287787
1710364844.8155403,-1.1979277928670247
1710364844.815674,-1.1208740870157878
1710364844.8158078,-0.9755227300855849
1710364844.8159418,-0.7744826873143513
1710364844.8160756,-0.5286113421122233
1710364844.8162093,-0.2515682743655311
1710364844.816343,0.0380910187959671
1710364844.8164768,0.3239460786183675
1710364844.8166108,0.5849289894104004
1710364844.8167446,0.8084283934699165
1710364844.8168783,0.9800815582275391
1710364844.817012,1.0904300212860107
1710364844.8171458,1.129665109846327
1710364844.8172798,1.094984081056383
1710364844.8174136,0.9884890582826402
1710364844.8175473,0.8171862363815308
1710364844.817681,0.5936867660946316
1710364844.817815,0.3277995189030965
1710364844.8179488,0.038791646560033165
1710364844.8180826,-0.25892340474658543
1710364844.8182163,-0.5412201086680094
1710364844.81835,-0.7968982723024156
1710364844.818484,-1.0112476348876953
1710364844.8186178,-1.1699081791771782
1710364844.8187516,-1.2620223893059623
1710364844.8188853,-1.2819863690270317
1710364844.8190193,-1.224896510442098
1710364844.819153,-1.0956564876768324
1710364844.8192868,-0.9019715256161159
1710364844.8194206,-0.6557499037848579
1710364844.8195543,-0.3720522258016798
1710364844.8196883,-0.06663940432998869
1710364844.819822,0.24162262678146362
1710364844.8199558,0.5302802059385512
1710364844.8200896,0.7811040348476833
1710364844.8202233,0.9814827971988254
1710364844.8203573,1.1163531409369574
1710364844.820491,1.1773074997795951
1710364844.8206248,1.1587410502963595
1710364844.8207586,1.0610038042068481
1710364844.8208926,0.8911021550496419
1710364844.8210263,0.6619977288775973
1710364844.82116,0.38595143291685313
1710364844.8212938,0.08117946485678355
1710364844.8214276,-0.23335557844903734
1710364844.8215616,-0.5349157253901163
1710364844.8216953,-0.8067050907346938
1710364844.821829,-1.0315618250105116
1710364844.8219628,-1.1937248706817627
1710364844.8220968,-1.2819863690270317
1710364844.8222306,-1.2886408964792888
1710364844.8223643,-1.2112369802263048
1710364844.822498,-1.0557286606894598
1710364844.8226318,-0.833323664135403
1710364844.8227658,-0.5594328376981947
1710364844.8228996,-0.25086778733465404
1710364844.8230333,0.07487383981545766
1710364844.823167,0.39365831348631114
1710364844.8233008,0.6854687134424845
1710364844.8234348,0.9334899981816609
1710364844.8235686,1.122658782535129
1710364844.8237023,1.241414811876085
1710364844.823836,1.2810001108381484
1710364844.82397,1.2386122014787462
1710364844.8241038,1.117754379908244
1710364844.8242376,0.9271843565834893
1710364844.8243713,0.6812649303012424
1710364844.824505,0.3929576608869764
1710364844.824639,0.08328134814898173
1710364844.8247728,-0.22985314329465228
1710364844.8249066,-0.5226571692360772
1710364844.8250403,-0.7804367939631144
1710364844.8251743,-0.987080799208747
1710364844.825308,-1.1292799313863118
1710364844.8254418,-1.1993287669287787
1710364844.8255756,-1.1930243174235027
1710364844.8257093,-1.1089657412634955
1710364844.8258433,-0.9562593036227756
1710364844.825977,-0.745062165790134
1710364844.8261108,-0.4904347327020433
1710364844.8262446,-0.20708728167745802
1710364844.8263786,0.08958697319030762
1710364844.8265123,0.37719359000523883
1710364844.826646,0.6392274300257365
1710364844.8267798,0.8616759379704793
1710364844.8269136,1.0305265585581462
1710364844.8270476,1.1352700657314725
1710364844.8271813,1.1692504088083904
1710364844.827315,1.1286140812767875
1710364844.8274488,1.0151127974192302
1710364844.8275826,0.8385552962621052
1710364844.8277166,0.610151489575704
1710364844.8278503,0.34181204107072616
1710364844.827984,0.05105258689986335
1710364844.8281178,-0.24386290046903822
1710364844.8282518,-0.5247586303287082
1710364844.8283856,-0.7762338717778523
1710364844.8285193,-0.9842788510852389
1710364844.828653,-1.137685775756836
1710364844.8287868,-1.224896510442098
1710364844.8289208,-1.2406575679779053
1710364844.8290546,-1.1835677093929715
1710364844.8291883,-1.055028173658583
1710364844.829322,-0.8637948830922444
1710364844.829456,-0.6238777107662624
1710364844.8295898,-0.3478853901227315
1710364844.8297236,-0.04947744723823335
1710364844.8298573,0.25038045313623214
1710364844.829991,0.5316814449098375
1710364844.830125,0.7776008711920844
1710364844.8302588,0.9737759166293674
1710364844.8303926,1.107245021396213
1710364844.8305264,1.168549723095364
1710364844.83066,1.1524354086981878
1710364844.830794,1.060653461350335
1710364844.8309278,0.8974077966478136
1710364844.8310616,0.6756599081887139
1710364844.8311954,0.40802111228307086
1710364844.8313293,0.10955478582117292
1710364844.831463,-0.19938190778096515
1710364844.8315969,-0.49708935949537486
1710364844.8317306,-0.7671275403764513
1710364844.8318644,-0.9926846954557631
1710364844.8319983,-1.1587003866831462
1710364844.832132,-1.2532663345336914
1710364844.8322659,-1.2679764959547255
1710364844.8323996,-1.2000291877322726
1710364844.8325336,-1.0532769229676988
1710364844.8326674,-0.8385773499806721
1710364844.832801,-0.5706406301922268
1710364844.8329349,-0.2645273009936015
1710364844.8330686,0.06051102446185218
1710364844.8332026,0.38209799263212413
1710364844.8333364,0.6781121095021566
1710364844.83347,0.9331396553251479
1710364844.8336039,1.129665109846327
1710364844.8337376,1.257178783416748
1710364844.8338716,1.3037704096900091
1710364844.8340054,1.2687391704983182
1710364844.834139,1.1527856190999348
1710364844.8342729,0.9657187594307793
1710364844.8344069,0.7201496097776625
1710364844.8345406,0.43149206373426646
1710364844.8346744,0.11691135664780934
1710364844.834808,-0.2021838559044732
1710364844.8349419,-0.5023430122269524
1710364844.8350759,-0.7674777507781982
1710364844.8352096,-0.980776415930854
1710364844.8353434,-1.1292799313863118
1710364844.835477,-1.2035316891140408
1710364844.835611,-1.1982780032687717
1710364844.8357449,-1.1124682426452637
1710364844.8358786,-0.9541578425301446
1710364844.8360124,-0.7377070188522339
1710364844.836146,-0.4746737413936191
1710364844.83628,-0.18221994241078696
1710364844.8364139,0.12181572616100311
1710364844.8365476,0.41607830259535045
1710364844.8366814,0.6826661692725288
1710364844.8368154,0.9072165356742011
1710364844.836949,1.0753666030036078
1710364844.8370829,1.1787088712056477
1710364844.8372166,1.2070841259426541
1710364844.8373504,1.1590912606981065
1710364844.8374844,1.0375328196419609
1710364844.837618,0.8518671327167087
1710364844.8377519,0.6154061688317193
1710364844.8378856,0.3393598397572835
1710364844.8380194,0.04299539658758375
1710364844.8381534,-0.2568219270971086
1710364844.838287,-0.5387684040599399
1710364844.8384209,-0.7895431253645155
1710364844.8385546,-0.9944359461466471
1710364844.8386886,-1.142238908343845
1710364844.8388224,-1.223145325978597
1710364844.838956,-1.232601934009128
1710364844.8390899,-1.1685072051154242
1710364844.8392236,-1.0354144705666435
1710364844.8393576,-0.8441812462276882
1710364844.8394914,-0.6046142843034532
1710364844.8396251,-0.33212439881430733
1710364844.8397589,-0.040371099279986486
1710364844.8398929,0.25108107262187535
1710364844.8400266,0.5232739448547363
1710364844.8401604,0.7583336697684394
1710364844.8402941,0.9464515580071343
1710364844.8404279,1.0708125432332356
1710364844.8405619,1.126161946190728
1710364844.8406956,1.1054935057957966
1710364844.8408294,1.0098581181632147
1710364844.8409631,0.845211214489407
1710364844.8410969,0.62556525071462
1710364844.8412309,0.3607288996378581
1710364844.8413646,0.0671669633852111
1710364844.8414984,-0.23650777008798388
1710364844.8416321,-0.5303625596894158
1710364844.841766,-0.7958475748697916
1710364844.8418999,-1.0200037558873494
1710364844.8420336,-1.1860194471147325
1710364844.8421674,-1.2833873430887859
1710364844.8423011,-1.302300426695082
1710364844.8424351,-1.2417081991831462
1710364844.8425689,-1.1033618450164795
1710364844.8427026,-0.8981188138326008
1710364844.8428364,-0.6364864773220485
1710364844.8429704,-0.33702780803044635
1710364844.8431041,-0.015854016981191106
1710364844.8432379,0.30467891030841404
1710364844.8433716,0.6013936466640896
1710364844.8435054,0.8588733938005235
1710364844.8436394,1.060653461350335
1710364844.8437731,1.1944728427463107
1710364844.8439069,1.249121692445543
1710364844.8440406,1.2217972013685439
1710364844.8441744,1.1135506629943848
1710364844.8443084,0.9327893786960177
1710364844.8444421,0.6921246316697862
1710364844.844576,0.4073204927974277
1710364844.8447096,0.09519197046756744
1710364844.8448436,-0.22424923049079046
1710364844.8449774,-0.5268600914213393
1710364844.8451111,-0.7940963241789076
1710364844.845245,-1.0119481219185722
1710364844.8453786,-1.1643042829301622
1710364844.8455126,-1.2413579887813992
1710364844.8456464,-1.23680485619439
1710364844.8457801,-1.150294542312622
1710364844.845914,-0.989182260301378
1710364844.8460479,-0.7657265663146973
1710364844.8461816,-0.49568838543362087
1710364844.8463154,-0.19412823849254185
1710364844.8464491,0.12006416916847229
1710364844.846583,0.4241354929076301
1710364844.846717,0.7001817888683742
1710364844.8468506,0.9313881397247314
1710364844.8469844,1.1051431629392836
1710364844.8471181,1.210587289598253
1710364844.8472521,1.241414811876085
1710364844.847386,1.1927212609185112
1710364844.8475196,1.0687106847763062
1710364844.8476534,0.8791915575663248
1710364844.8477871,0.6378261910544502
1710364844.8479211,0.3579264216952854
1710364844.848055,0.056307274434301585
1710364844.8481886,-0.24596436156166923
1710364844.8483224,-0.5296620726585388
1710364844.8484561,-0.7797363069322374
1710364844.8485901,-0.982177389992608
1710364844.848724,-1.1254272196027968
1710364844.8488576,-1.2003793981340196
1710364844.8489914,-1.2014301617940266
1710364844.8491254,-1.1296301417880588
1710364844.8492591,-0.990583234363132
1710364844.849393,-0.7937461137771606
1710364844.8495266,-0.5506767166985406
1710364844.8496604,-0.27748632762167186
1710364844.8497944,0.012167888796991771
1710364844.8499281,0.29907388819588554
1710364844.850062,0.5635599295298258
1710364844.8501956,0.7923140128453572
1710364844.8503296,0.9709734386867946
1710364844.8504634,1.0872772004869249
1710364844.8505971,1.1342191696166992
1710364844.850731,1.10654440191057
1710364844.8508646,1.0056544012493558
1710364844.8509986,0.8392559157477485
1710364844.8511324,0.617858370145162
1710364844.8512661,0.35442329115337795
1710364844.8514,0.06366384112172656
1710364844.8515337,-0.23545703954166836
1710364844.8516676,-0.5223069257206386
1710364844.8518014,-0.7825382550557454
1710364844.8519351,-1.001090539826287
1710364844.852069,-1.1639540725284152
1710364844.852203,-1.2592204411824544
1710364844.8523366,-1.2798848417070177
1710364844.8524704,-1.221744351916843
1710364844.8526042,-1.0883013407389324
1710364844.852738,-0.8883119954003228
1710364844.852872,-0.6343850162294176
1710364844.8530056,-0.34193125036027694
1710364844.8531394,-0.02671158355143335
1710364844.8532732,0.289265149169498
1710364844.8534071,0.5852792660395304
1710364844.853541,0.8424087365468342
1710364844.8536747,1.0466409391827054
1710364844.8538084,1.1846641699473064
1710364844.8539422,1.2456185287899442
1710364844.8540761,1.2253003650241427
1710364844.85421,1.125461260477702
1710364844.8543437,0.9520565801196628
1710364844.8544774,0.7190987136628892
1710364844.8546112,0.43919894430372447
1710364844.8547451,0.13127417200141483
1710364844.854879,-0.18712336818377176
1710364844.8550127,-0.4904347327020433
1710364844.8551464,-0.7611733675003052
1710364844.8552804,-0.9835783640543619
1710364844.8554142,-1.1425891187455919
1710364844.855548,-1.2266476949055989
1710364844.8556817,-1.2294496430291069
1710364844.8558154,-1.1481930149926078
1710364844.8559494,-0.990233023961385
1710364844.8560832,-0.7667772637473212
1710364844.856217,-0.4942874113718668
1710364844.8563507,-0.18887458576096428
1710364844.8564847,0.1316244817442364
1710364844.8566184,0.4427020748456319
1710364844.8567522,0.7250540124045478
1710364844.856886,0.9653684165742662
1710364844.8570197,1.145779424243503
1710364844.8571537,1.256478230158488
1710364844.8572874,1.2890573342641194
1710364844.8574212,1.2396632300482855
1710364844.857555,1.114951901965671
1710364844.857689,0.9212290578418307
1710364844.8578227,0.6742586692174276
1710364844.8579564,0.3873526718881395
1710364844.8580902,0.07837697035736507
1710364844.858224,-0.23230484790272182
1710364844.858358,-0.5230074127515157
1710364844.8584917,-0.7783353328704834
1710364844.8586254,-0.983228153652615
1710364844.8587592,-1.1271784040662978
1710364844.858893,-1.1989784240722656
1710364844.859027,-1.1965268188052707
1710364844.8591607,-1.1187725596957736
1710364844.8592944,-0.9720202949311998
1710364844.8594282,-0.7678280274073283
1710364844.8595622,-0.5198552211125692
1710364844.859696,-0.2421116828918457
1710364844.8598297,0.04930102162890964
1710364844.8599634,0.3355063994725545
1710364844.8600972,0.5971899297502306
1710364844.8602312,0.8210396766662598
1710364844.860365,0.9926928414238824
1710364844.8604987,1.1019903421401978
1710364844.8606324,1.140875021616618
1710364844.8607664,1.1044425434536405
1710364844.8609002,0.9965462817086114
1710364844.861034,0.8238421546088325
1710364844.8611677,0.5982408258650038
1710364844.8613014,0.3327039215299818
1710364844.8614354,0.04124383545584149
1710364844.8615692,-0.2557711965507931
1710364844.861703,-0.5391186475753784
1710364844.8618367,-0.7954972982406616
1710364844.8619704,-1.0094964504241943
1710364844.8621044,-1.1671062310536702
1710364844.8622382,-1.2595706515842013
1710364844.862372,-1.2784838676452637
1710364844.8625057,-1.221394141515096
1710364844.8626397,-1.0914535654915702
1710364844.8627734,-0.8974183268017238
1710364844.8629072,-0.6508464945687188
1710364844.863041,-0.3667985730701023
1710364844.8631747,-0.0620862344900767
1710364844.8633087,0.24582639336585999
1710364844.8634424,0.5337833364804586
1710364844.8635762,0.7846071322758992
1710364844.86371,0.9839349985122681
1710364844.863844,1.11845506562127
1710364844.8639777,1.179759767320421
1710364844.8641114,1.160842842525906
1710364844.8642452,1.0613540808359783
1710364844.864379,0.8928537368774414
1710364844.864513,0.6619977288775973
1710364844.8646467,0.3880532913737827
1710364844.8647804,0.08328134814898173
1710364844.8649142,-0.23230484790272182
1710364844.865048,-0.5342152383592393
1710364844.865182,-0.8067050907346938
1710364844.8653157,-1.0319120354122586
1710364844.8654494,-1.1951258447435167
1710364844.8655832,-1.2844379742940266
1710364844.8657172,-1.2924936082628038
1710364844.865851,-1.216140455669827
1710364844.8659847,-1.06273353099823
1710364844.8661184,-0.8417295085059272
1710364844.8662522,-0.5692396561304728
1710364844.8663862,-0.2603243788083394
1710364844.86652,0.06366384112172656
1710364844.8666537,0.38279861211776733
1710364844.8667874,0.6728574302461412
1710364844.8669214,0.9212290578418307
1710364844.8670552,1.111098461680942
1710364844.867189,1.2305551105075412
1710364844.8673227,1.2704907523261175
1710364844.8674564,1.2284531858232286
1710364844.8675904,1.1079456408818562
1710364844.8677242,0.9177259604136149
1710364844.867858,0.6718064679039849
1710364844.8679917,0.3852507803175184
1710364844.8681257,0.07522415783670214
1710364844.8682594,-0.23860924773746067
1710364844.8683932,-0.5307128032048544
1710364844.868527,-0.7884924279318916
1710364844.8686607,-0.9951364331775241
1710364844.8687947,-1.137685775756836
1710364844.8689284,-1.2073842684427898
1710364844.8690622,-1.2003793981340196
1710364844.869196,-1.1163208219740126
1710364844.8693297,-0.9625637531280518
1710364844.8694637,-0.7517168256971571
1710364844.8695974,-0.49568838543362087
1710364844.8697312,-0.21164044737815857
1710364844.869865,0.08433228565586938
1710364844.869999,0.37404080231984455
1710364844.8701327,0.6367752287122939
1710364844.8702664,0.8592237366570367
1710364844.8704002,1.0280744234720867
1710364844.870534,1.1328177981906467
1710364844.870668,1.1671484841240776
1710364844.8708017,1.125811603334215
1710364844.8709354,1.0116096999910142
1710364844.8710692,0.8350521326065063
1710364844.8712032,0.6055974298053317
1710364844.871337,0.33795860078599715
1710364844.8714707,0.04579789936542511
1710364844.8716044,-0.24946681327290005
1710364844.8717382,-0.5303625596894158
1710364844.8718722,-0.7825382550557454
1710364844.872006,-0.9909335109922621
1710364844.8721397,-1.1439900928073459
1710364844.8722734,-1.231551170349121
1710364844.8724072,-1.2473120954301622
1710364844.8725412,-1.1888213952382405
1710364844.872675,-1.060281793276469
1710364844.8728087,-0.8704495429992676
1710364844.8729424,-0.6294816070132785
1710364844.8730764,-0.3531390428543091
1710364844.8732102,-0.055431595279110804
1710364844.873344,0.24442513783772785
1710364844.8734777,0.5250255266825358
1710364844.8736115,0.7698939906226264
1710364844.8737454,0.9653684165742662
1710364844.8738792,1.0977866252263386
1710364844.874013,1.1587410502963595
1710364844.8741467,1.1426266034444172
1710364844.8742807,1.0494434833526611
1710364844.8744144,0.8865480952792697
1710364844.8745482,0.6640995873345269
1710364844.874682,0.39646079142888385
1710364844.8748157,0.09869510100947486
1710364844.8749497,-0.21023947331640455
1710364844.8750834,-0.5068962110413445
1710364844.8752172,-0.7762338717778523
1710364844.875351,-1.0014408164554172
1710364844.8754847,-1.1667560206519232
1710364844.8756187,-1.2602712048424614
1710364844.8757524,-1.2749813662634955
1710364844.8758862,-1.2056330839792888
1710364844.87602,-1.0588808192147148
1710364844.876154,-0.8434807591968112
1710364844.8762877,-0.5744932757483588
1710364844.8764215,-0.26837997966342503
1710364844.8765552,0.057708525823222265
1710364844.876689,0.37999610106150306
1710364844.876823,0.6770612133873833
1710364844.8769567,0.9320887592103746
1710364844.8770905,1.130365663104587
1710364844.8772242,1.2578794691297743
1710364844.8773582,1.3058723343743217
1710364844.877492,1.271891991297404
1710364844.8776257,1.156288782755534
1710364844.8777595,0.9702728192011515
1710364844.8778932,0.7247036695480347
1710364844.8780272,0.4370970527331034
1710364844.878161,0.1239176011747784
1710364844.8782947,-0.19622971614201862
1710364844.8784285,-0.49603862894905937
1710364844.8785625,-0.7608231570985582
1710364844.8786962,-0.9734212689929538
1710364844.87883,-1.1219247182210286
1710364844.8789637,-1.1972272396087646
1710364844.8790975,-1.1912731329600017
1710364844.8792315,-1.1065140035417345
1710364844.8793652,-0.9496047099431355
1710364844.879499,-0.7328036096360948
1710364844.8796327,-0.47012057569291854
1710364844.8797665,-0.1776667767100864
1710364844.8799005,0.12566916644573212
1710364844.8800342,0.41993174288007945
1710364844.880168,0.6861693329281277
1710364844.8803017,0.9124712149302164
1710364844.8804357,1.08027093940311
1710364844.8805695,1.1825622452629936
1710364844.8807032,1.210937632454766
1710364844.880837,1.1632951100667317
1710364844.8809707,1.0417366027832031
1710364844.8811047,0.856771535343594
1710364844.8812385,0.6196098857455783
1710364844.8813722,0.3453151716126336
1710364844.881506,0.04895071188608805
1710364844.88164,-0.25051754381921554
1710364844.8817737,-0.5317635337511698
1710364844.8819075,-0.7818377680248684
1710364844.8820412,-0.987080799208747
1710364844.882175,-1.1341832743750677
1710364844.882309,-1.2150896920098198
1710364844.8824427,-1.224546300040351
1710364844.8825765,-1.1608019140031602
1710364844.8827102,-1.0280593898561265
1710364844.882844,-0.8368260992897881
1710364844.882978,-0.5983099010255601
1710364844.8831117,-0.32617025905185276
1710364844.8832455,-0.03546768592463599
1710364844.8833792,0.2552848226494259
1710364844.8835132,0.5253758364253573
1710364844.883647,0.760785871081882
1710364844.8837807,0.9464515580071343
1710364844.8839145,1.0704622003767226
1710364844.8840482,1.1237096786499023
1710364844.8841822,1.102690961625841
1710364844.884316,1.0060046778784857
1710364844.8844497,0.8420583936903212
1710364844.8845835,0.6210111909442477
1710364844.8847175,0.35652514961030746
1710364844.8848512,0.062262589732805886
1710364844.884985,-0.2403604653146532
1710364844.8851187,-0.5328142642974854
1710364844.8852525,-0.7979490359624226
1710364844.8853865,-1.0214047299491034
1710364844.8855202,-1.1863696575164795
1710364844.885654,-1.2826867898305256
1710364844.8857877,-1.301600005891588
1710364844.8859217,-1.2396068043178983
1710364844.8860555,-1.1005598968929715
1710364844.8861892,-0.8935656150182087
1710364844.886323,-0.6329840421676636
1710364844.8864567,-0.3335253728760613
1710364844.8865907,-0.01375255174934864
1710364844.8867245,0.306430459022522
1710364844.8868582,0.6031452284918891
1710364844.886992,0.8588733938005235
1710364844.8871257,1.060303184721205
1710364844.8872597,1.1923710505167644
1710364844.8873935,1.2463190820482042
1710364844.8875272,1.218644380569458
1710364844.887661,1.1086462603674994
1710364844.887795,0.926133460468716
1710364844.8879287,0.6858189900716146
1710364844.8880625,0.40101485119925606
1710364844.8881962,0.08748509817653231
1710364844.88833,-0.23300533493359882
1710364844.888464,-0.5342152383592393
1710364844.8885977,-0.8032026555803087
1710364844.8887315,-1.0203539662890964
1710364844.8888652,-1.1720097064971924
1710364844.8889992,-1.2501140435536702
1710364844.889133,-1.2466116746266682
1710364844.8892667,-1.1601013607449002
1710364844.8894005,-0.9993393553627862
1710364844.8895342,-0.7762338717778523
1710364844.8896682,-0.5061957240104675
1710364844.889802,-0.2060365511311425
1710364844.8899357,0.10850384831428528
1710364844.8900695,0.4108236233393351
1710364844.8902032,0.6875705718994141
1710364844.8903372,0.9187768565283881
1710364844.890471,1.0942834615707397
1710364844.8906047,1.1997275882297092
1710364844.8907385,1.2302047676510282
1710364844.8908725,1.1815113491482205
1710364844.8910062,1.0592522223790486
1710364844.89114,0.8714846769968668
1710364844.8912737,0.6304695871141222
1710364844.8914075,0.3509201606114705
1710364844.8915415,0.05070227301783032
1710364844.8916752,-0.2512180308500926
1710364844.891809,-0.5349157253901163
1710364844.8919427,-0.7846397161483765
1710364844.8920767,-0.98638031217787
1710364844.8922105,-1.1289297209845648
1710364844.8923442,-1.2042321099175346
1710364844.892478,-1.2066838476392958
1710364844.8926117,-1.135934591293335
1710364844.8927457,-0.9975881046719021
1710364844.8928795,-0.8014514711168077
1710364844.8930132,-0.5601333247290717
1710364844.893147,-0.28729316261079574
1710364844.8932807,0.001658511141108142
1710364844.8934147,0.2868129478560554
1710364844.8935485,0.5519995755619472
1710364844.8936822,0.780053072505527
1710364844.893816,0.9587124983469645
1710364844.89395,1.0757168796327379
1710364844.8940837,1.1230091253916423
1710364844.8942175,1.0963853200276692
1710364844.8943512,0.9975971778233845
1710364844.894485,0.8315490351782905
1710364844.894619,0.6119030714035034
1710364844.8947527,0.35021954112582737
1710364844.8948865,0.06016071471903059
1710364844.8950202,-0.23790876070658365
1710364844.8951542,-0.5247586303287082
1710364844.895288,-0.7839392291174995
1710364844.8954217,-1.0031920671463013
1710364844.8955555,-1.1653550465901692
1710364844.8956892,-1.2606214152442083
1710364844.8958232,-1.2816360261705186
1710364844.895957,-1.223495536380344
1710364844.8960907,-1.0911032888624403
1710364844.8962245,-0.8921646409564548
1710364844.8963585,-0.6399889124764336
1710364844.8964922,-0.347535146607293
1710364844.896626,-0.033015975107749305
1710364844.8967597,0.2829595075713264
1710364844.8968935,0.5782730049557155
1710364844.8970275,0.8354024754630195
1710364844.8971612,1.0399850209554036
1710364844.897295,1.1776578426361084
1710364844.8974288,1.2393128871917725
1710364844.8975625,1.2196954091389973
1710364844.8976965,1.1191556188795302
1710364844.8978302,0.9464515580071343
1710364844.897964,0.7138440344068739
1710364844.8980978,0.4342945416768392
1710364844.8982317,0.12672010395261976
1710364844.8983655,-0.1913262903690338
1710364844.8984993,-0.4939371678564283
1710364844.898633,-0.7646758026546902
1710364844.8987668,-0.987431075837877
1710364844.8989007,-1.14609162012736
1710364844.8990345,-1.2294496430291069
1710364844.8991683,-1.230500406689114
1710364844.899302,-1.149243778652615
1710364844.899436,-0.990233023961385
1710364844.8995697,-0.7664270533455743
1710364844.8997035,-0.49323668082555133
1710364844.8998373,-0.18572239412201774
1710364844.899971,0.13582823177178702
1710364844.900105,0.4476064443588257
1710364844.9002388,0.7317099306318495
1710364844.9003725,0.9730752971437242
1710364844.9005063,1.1541869905259874
1710364844.90064,1.264885663986206
1710364844.900774,1.2974647680918376
1710364844.9009078,1.249822245703803
1710364844.9010415,1.1244103643629286
1710364844.9011753,0.9306875202390883
1710364844.9013093,0.6830165121290419
1710364844.901443,0.39540986220041907
1710364844.9015768,0.08538322316275702
1710364844.9017105,-0.2263506915834215
1710364844.9018443,-0.5177537600199381
1710364844.9019783,-0.7734319236543443
1710364844.902112,-0.9793754418690999
1710364844.9022458,-1.1236760351392958
1710364844.9023795,-1.1961764759487576
1710364844.9025135,-1.1937248706817627
1710364844.9026473,-1.1159706115722656
1710364844.902781,-0.9692183468076918
1710364844.9029148,-0.7646758026546902
1710364844.9030485,-0.5174035165044997
1710364844.9031825,-0.23895949125289917
1710364844.9033163,0.053154461913638644
1710364844.90345,0.33865922027164036
1710364844.9035838,0.5999924076928033
1710364844.9037175,0.8238421546088325
1710364844.9038515,0.9954953193664551
1710364844.9039853,1.1040922005971272
1710364844.904119,1.1419260501861572
1710364844.9042528,1.1051431629392836
1710364844.9043868,0.9958456622229682
1710364844.9045205,0.8224409156375461
1710364844.9046543,0.5968395868937174
1710364844.904788,0.3306020299593608
1710364844.9049218,0.03844133267800013
1710364844.9050558,-0.25857316123114693
1710364844.9051895,-0.5426210827297634
1710364844.9053233,-0.7982992463641696
1710364844.905457,-1.0119481219185722
1710364844.905591,-1.1706087324354384
1710364844.9057248,-1.2623725997077093
1710364844.9058585,-1.2805853949652777
1710364844.9059923,-1.224196089638604
1710364844.906126,-1.0939052369859483
1710364844.90626,-0.9005705515543619
1710364844.9063938,-0.6546992063522339
1710364844.9065275,-0.3713517387708028
1710364844.9066613,-0.06558867378367318
1710364844.9067953,0.24232326282395256
1710364844.906929,0.5299298961957296
1710364844.9070628,0.7814543114768134
1710364844.9071965,0.9814827971988254
1710364844.9073303,1.1167034837934706
1710364844.9074643,1.1780081854926214
1710364844.907598,1.1594416035546196
1710364844.9077318,1.0627553198072646
1710364844.9078655,0.8939046992195977
1710364844.9079993,0.6648002730475532
1710364844.9081333,0.39015518294440377
1710364844.908267,0.08503290514151256
1710364844.9084008,-0.22985314329465228
1710364844.9085345,-0.5321137772666084
1710364844.9086685,-0.8042534192403157
1710364844.9088023,-1.0301608509487576
1710364844.908936,-1.1944252914852567
1710364844.9090698,-1.2840877638922796
1710364844.9092035,-1.2921433978610568
1710364844.9093375,-1.217191219329834
1710364844.9094713,-1.064134505059984
1710364844.909605,-0.8434807591968112
1710364844.9097388,-0.5702903535630968
1710364844.9098728,-0.26277608341640896
1710364844.9100065,0.06156196196873982
1710364844.9101403,0.3803464108043247
1710364844.910274,0.6714561912748549
1710364844.9104078,0.9194774760140313
1710364844.9105418,1.1082959837383695
1710364844.9106755,1.2274022897084553
1710364844.9108093,1.2662869029574924
1710364844.910943,1.2245998117658827
1710364844.9110768,1.102690961625841
1710364844.9112108,0.9114203188154433
1710364844.9113445,0.6640995873345269
1710364844.9114783,0.37614266077677405
1710364844.911612,0.06471477862861422
1710364844.911746,-0.24981705678833854
1710364844.9118798,-0.542971326245202
1710364844.9120135,-0.8007509840859307
1710364844.9121473,-1.0073949893315632
1710364844.912281,-1.149944331910875
1710364844.912415,-1.221043798658583
1710364844.9125488,-1.2126379542880588
1710364844.9126825,-1.1275286144680448
1710364844.9128163,-0.9716700845294528
1710364844.9129503,-0.7601226700676812
1710364844.913084,-0.5030434992578294
1710364844.9132178,-0.21829509072833592
1710364844.9133515,0.07907758984300825
1710364844.9134853,0.36808547046449447
1710364844.9136193,0.6315205494562784
1710364844.913753,0.8539690574010212
1710364844.9138868,1.0231700208452013
1710364844.9140205,1.1286140812767875
1710364844.9141543,1.1611931853824191
1710364844.9142883,1.1202066474490695
1710364844.914422,1.0049537817637126
1710364844.9145558,0.8283962143792046
1710364844.9146895,0.598941445350647
1710364844.9148235,0.3313026494450039
1710364844.9149573,0.03984258406692081
1710364844.915091,-0.2547204660044776
1710364844.9152248,-0.5345654818746779
1710364844.9153585,-0.7846397161483765
1710364844.9154925,-0.9923344850540161
1710364844.9156263,-1.1436398824055989
1710364844.91576,-1.2294496430291069
1710364844.9158938,-1.2441599369049072
1710364844.9160278,-1.1846184730529785
1710364844.9161615,-1.055028173658583
1710364844.9162953,-0.8630943960613674
1710364844.916429,-0.6224767367045084
1710364844.9165628,-0.346834659576416
1710364844.9166968,-0.0484267125527064
1710364844.9168305,0.25038045313623214
1710364844.9169643,0.5309808254241943
1710364844.917098,0.775849355591668
1710364844.917232,0.9716740581724379
1710364844.9173658,1.1040922005971272
1710364844.9174995,1.165046559439765
1710364844.9176333,1.148581902186076
1710364844.917767,1.0550484392378066
1710364844.917901,0.8925033940209283
1710364844.9180348,0.6704052289326986
1710364844.9181685,0.4027664330270555
1710364844.9183023,0.10500072605080074
1710364844.918436,-0.20463556051254272
1710364844.91857,-0.5023430122269524
1710364844.9187038,-0.7723812262217203
1710364844.9188375,-0.9993393553627862
1710364844.9189713,-1.1653550465901692
1710364844.9191053,-1.2609716256459553
1710364844.919239,-1.2763824727800157
1710364844.9193728,-1.2091355853610568
1710364844.9195065,-1.06273353099823
1710364844.9196403,-0.8487343788146973
1710364844.9197743,-0.5804474486245049
1710364844.919908,-0.2743341359827253
1710364844.9200418,0.05105258689986335
1710364844.9201756,0.37474142180548775
1710364844.9203095,0.6718064679039849
1710364844.9204433,0.9292862150404189
1710364844.920577,1.1286140812767875
1710364844.9207108,1.2582298119862874
1710364844.9208446,1.3076237837473552
1710364844.9209785,1.2746944692399766
1710364844.9211123,1.1611931853824191
1710364844.921246,0.9758778413136799
1710364844.9213798,0.7313596540027194
1710364844.9215136,0.4448039333025614
1710364844.9216475,0.13092385398017034
1710364844.9217813,-0.18852434224552578
1710364844.921915,-0.4883332716094123
1710364844.9220488,-0.7531177997589111
1710364844.9221828,-0.9667666753133137
1710364844.9223166,-1.1152701907687717
1710364844.9224503,-1.1895218160417345
1710364844.922584,-1.1842682626512315
1710364844.9227178,-1.0977579487694633
1710364844.9228518,-0.9397978915108575
1710364844.9229856,-0.7222963041729397
1710364844.9231193,-0.4578620195388794
1710364844.923253,-0.1650579935974545
1710364844.923387,0.13968166377809313
1710364844.9235208,0.43534550401899547
1710364844.9236546,0.7019333706961738
1710364844.9237883,0.9264837370978461
1710364844.923922,1.0946338044272528
1710364844.924056,1.1965747674306233
1710364844.9241898,1.2235487831963432
1710364844.9243236,1.1748553646935356
1710364844.9244573,1.0522459612952337
1710364844.924591,0.8651790353986952
1710364844.924725,0.6262658702002631
1710364844.9248588,0.34951892164018417
1710364844.9249926,0.051402900781896375
1710364844.9251263,-0.24911656975746155
1710364844.9252603,-0.5317635337511698
1710364844.925394,-0.7821880446539985
1710364844.9255278,-0.987431075837877
1710364844.9256616,-1.134533617231581
1710364844.9257953,-1.214739481608073
1710364844.9259293,-1.223145325978597
1710364844.926063,-1.1579999658796523
1710364844.9261968,-1.0249071651034884
1710364844.9263306,-0.832623177104526
1710364844.9264646,-0.5934064918094211
1710364844.9265983,-0.3212668498357137
1710364844.926732,-0.03091451194551256
1710364844.9268658,0.2598388824197981
1710364844.9269996,0.5299298961957296
1710364844.9271336,0.764639311366611
1710364844.9272673,0.9496043788062202
1710364844.927401,1.0732647445466783
1710364844.9275348,1.1251109176211886
1710364844.9276688,1.103041304482354
1710364844.9278026,1.0060046778784857
1710364844.9279363,0.8420583936903212
1710364844.92807,0.6210111909442477
1710364844.9282038,0.3558245301246643
1710364844.9283378,0.06261290361483891
1710364844.9284716,-0.24071070883009169
1710364844.9286053,-0.5328142642974854
1710364844.928739,-0.7975987593332926
1710364844.9288728,-1.0207042429182265
1710364844.9290068,-1.1860194471147325
1710364844.9291406,-1.2819863690270317
1710364844.9292743,-1.301600005891588
1710364844.929408,-1.2399570147196453
1710364844.929542,-1.1016105943255954
1710364844.9296758,-0.8960173527399699
1710364844.9298096,-0.6354357798894247
1710364844.9299433,-0.33632732099956936
1710364844.930077,-0.016204260496629607
1710364844.930211,0.30292732848061454
1710364844.9303448,0.5996421310636733
1710364844.9304786,0.856771535343594
1710364844.9306123,1.0585516028934054
1710364844.9307463,1.1920207076602511
1710364844.93088,1.2466694249047172
1710364844.9310138,1.218994723425971
1710364844.9311476,1.1096972227096558
1710364844.9312813,0.9289359384112887
1710364844.9314153,0.6882711913850572
1710364844.931549,0.4027664330270555
1710364844.9316828,0.08958697319030762
1710364844.9318166,-0.2309038738409678
1710364844.9319503,-0.5345654818746779
1710364844.9320843,-0.8032026555803087
1710364844.932218,-1.0231559806399875
1710364844.9323518,-1.1769130494859483
1710364844.9324856,-1.2553677293989394
1710364844.9326196,-1.2525657812754314
1710364844.9327533,-1.1674564414554172
1710364844.932887,-1.0066945023006864
1710364844.9330208,-0.7842895057466295
1710364844.9331546,-0.5135508378346761
1710364844.9332886,-0.21269117792447406
1710364844.9334223,0.1018479135301378
1710364844.933556,0.40626956356896293
1710364844.9336898,0.6826661692725288
1710364844.9338238,0.9152737591001723
1710364844.9339576,1.0900797446568806
1710364844.9340913,1.1962244245741103
1710364844.934225,1.226701603995429
1710364844.9343588,1.1787088712056477
1710364844.9344928,1.0553987820943196
1710364844.9346266,0.8665802743699815
1710364844.9347603,0.6252149078581068
1710364844.934894,0.3453151716126336
1710364844.9350278,0.0440463340944714
1710364844.9351618,-0.25787265764342415
1710364844.9352956,-0.541570352183448
1710364844.9354293,-0.7912943760553995
1710364844.935563,-0.9926846954557631
1710364844.935697,-1.1355842484368217
1710364844.9358308,-1.2087852425045438
1710364844.9359646,-1.2105365594228108
1710364844.9360983,-1.137685775756836
1710364844.936232,-0.9982885917027791
1710364844.936366,-0.8011011944876777
1710364844.9364998,-0.5597830480999416
1710364844.9366336,-0.28659267557991874
1710364844.9367673,0.0030597614952259595
1710364844.9369013,0.29031607839796275
1710364844.937035,0.5548020866182115
1710364844.9371688,0.783556236161126
1710364844.9373026,0.9615149762895372
1710364844.9374363,1.0785194238026936
1710364844.9375703,1.125461260477702
1710364844.937704,1.099538140826755
1710364844.9378378,1.0003997219933403
1710364844.9379716,0.8343515131208632
1710364844.9381056,0.6147055493460761
1710364844.9382393,0.3523213995827569
1710364844.938373,0.06401415086454815
1710364844.9385068,-0.23510679602622986
1710364844.9386406,-0.5202054646280077
1710364844.9387746,-0.7804367939631144
1710364844.9389083,-0.9989890787336562
1710364844.939042,-1.1622028880649142
1710364844.9391758,-1.2581696775224473
1710364844.9393096,-1.2791844209035237
1710364844.9394436,-1.22209456231859
1710364844.9395773,-1.0904028018315632
1710364844.939711,-0.8928651279873318
1710364844.9398448,-0.6403391891055636
1710364844.9399788,-0.34893612066904706
1710364844.9401126,-0.03511743826998605
1710364844.9402463,0.28015702962875366
1710364844.94038,0.575820869869656
1710364844.9405138,0.8329502741495768
1710364844.9406478,1.0368322001563177
1710364844.9407816,1.1755560504065619
1710364844.9409153,1.237561305363973
1710364844.941049,1.217943827311198
1710364844.941183,1.11845506562127
1710364844.9413168,0.9471521774927775
1710364844.9414506,0.7138440344068739
1710364844.9415843,0.4342945416768392
1710364844.941718,0.12672010395261976
1710364844.941852,-0.1913262903690338
1710364844.9419858,-0.4942874113718668
1710364844.9421196,-0.7657265663146973
1710364844.9422534,-0.988481773270501
1710364844.942387,-1.148543357849121
1710364844.942521,-1.232952144410875
1710364844.9426548,-1.235754092534383
1710364844.9427886,-1.154497464497884
1710364844.9429224,-0.9961871306101481
1710364844.9430563,-0.7723812262217203
1710364844.94319,-0.4988405770725674
1710364844.9433239,-0.1920267773999108
1710364844.9434576,0.1302232344945272
1710364844.9435914,0.4434026943312751
1710364844.9437253,0.7292577293184068
1710364844.943859,0.9709734386867946
1710364844.9439929,1.1538366476694744
1710364844.9441266,1.2669875886705186
1710364844.9442606,1.3020188278622098
1710364844.9443944,1.2557775444454617
1710364844.944528,1.13316814104716
1710364844.9446619,0.941547155380249
1710364844.9447956,0.6952774524688721
1710364844.9449296,0.4094223512543572
1710364844.9450634,0.10149759550889333
1710364844.945197,-0.20918874277008903
1710364844.9453309,-0.4998913076188829
1710364844.9454646,-0.7548689842224121
1710364844.9455986,-0.9604622920354207
1710364844.9457324,-1.1040623320473564
1710364844.945866,-1.1783140235477023
1710364844.9459999,-1.1758624182807074
1710364844.9461339,-1.0988086462020874
1710364844.9462676,-0.9531071450975206
1710364844.9464014,-0.751366549068027
1710364844.946535,-0.503393742773268
1710364844.9466689,-0.22775168220202127
1710364844.9468029,0.06261290361483891
1710364844.9469366,0.3460157910982768
1710364844.9470704,0.6059477064344618
1710364844.947204,0.8280459377500746
1710364844.947338,0.9982977973090278
1710364844.9474719,1.1061941252814398
1710364844.9476056,1.1433272891574435
1710364844.9477394,1.1054935057957966
1710364844.947873,0.9968965583377414
1710364844.948007,0.8245427740944756
1710364844.9481409,0.598591168721517
1710364844.9482746,0.3327039215299818
1710364844.9484084,0.042294772962729134
1710364844.9485424,-0.2543702224890391
1710364844.948676,-0.5373674299981859
1710364844.9488099,-0.7930456267462836
1710364844.9489436,-1.0063442256715562
1710364844.9490774,-1.1646544933319092
1710364844.9492114,-1.2564184930589464
1710364844.949345,-1.2760321299235027
1710364844.9494789,-1.219642824596829
1710364844.9496126,-1.0904028018315632
1710364844.9497464,-0.8981188138326008
1710364844.9498804,-0.6536484426922268
1710364844.950014,-0.3713517387708028
1710364844.9501479,-0.06663940432998869
1710364844.9502816,0.2398710780673557
1710364844.9504156,0.5274776948822869
1710364844.9505494,0.7779512140485976
1710364844.950683,0.9776293569140964
1710364844.9508169,1.1135506629943848
1710364844.9509506,1.1748553646935356
1710364844.9510846,1.1576900217268202
1710364844.9512184,1.0610038042068481
1710364844.9513521,0.8939046992195977
1710364844.9514859,0.6655008925331963
1710364844.9516199,0.3912061121728685
1710364844.9517536,0.08853603568341997
1710364844.9518874,-0.22529996103710598
1710364844.9520211,-0.5265098479059007
1710364844.9521549,-0.7979490359624226
1710364844.9522889,-1.0231559806399875
1710364844.9524226,-1.1863696575164795
1710364844.9525564,-1.2767326831817627
1710364844.9526901,-1.2847883171505399
1710364844.9528239,-1.2094857957628038
1710364844.9529579,-1.0560788710912068
1710364844.9530916,-0.8361256122589111
1710364844.9532254,-0.5639859702852037
1710364844.9533591,-0.2564716835816701
1710364844.953493,0.0671669633852111
1710364844.9536269,0.38595143291685313
1710364844.9537606,0.6767108705308702
1710364844.9538944,0.9247321552700466
1710364844.9540281,1.1139010058508978
1710364844.9541621,1.2319563494788275
1710364844.9542959,1.2711913055843778
1710364844.9544296,1.2281028429667156
1710364844.9545634,1.1054935057957966
1710364844.9546974,0.9149234162436591
1710364844.9548311,0.6669021315044826
1710364844.9549649,0.377543932861752
1710364844.9550986,0.0650650883714358
1710364844.9552324,-0.24946681327290005
1710364844.9553664,-0.5440220567915175
1710364844.9555001,-0.8028524451785617
1710364844.9556339,-1.0108974244859483
1710364844.9557676,-1.1551980177561443
1710364844.9559014,-1.225246720843845
1710364844.9560354,-1.217891640133328
1710364844.9561691,-1.1341832743750677
1710364844.956303,-0.9797256522708468
1710364844.9564366,-0.7678280274073283
1710364844.9565706,-0.510748889711168
1710364844.9567044,-0.22494971752166748
1710364844.9568381,0.07207134531603919
1710364844.956972,0.3617798619800144
1710364844.9571056,0.62556525071462
1710364844.9572396,0.849064654774136
1710364844.9573734,1.0193165805604723
1710364844.9575071,1.1244103643629286
1710364844.957641,1.1587410502963595
1710364844.9577749,1.118104722764757
1710364844.9579086,1.0053040583928425
1710364844.9580424,0.8290968338648478
1710364844.9581761,0.5996421310636733
1710364844.95831,0.3327039215299818
1710364844.9584439,0.041944459080696106
1710364844.9585776,-0.2533194919427236
1710364844.9587114,-0.5338649948438009
1710364844.9588451,-0.7853402031792535
1710364844.9589791,-0.9930349720848931
1710364844.959113,-1.14609162012736
1710364844.9592466,-1.232952144410875
1710364844.9593804,-1.2487130694919162
1710364844.9595141,-1.1902223692999945
1710364844.9596481,-1.0620330439673529
1710364844.959782,-0.8725510040918986
1710364844.9599156,-0.6333343187967936
1710364844.9600494,-0.3573419650395711
1710364844.9601831,-0.06068525628911124
1710364844.9603171,0.23811951279640198
1710364844.960451,0.5187198850843642
1710364844.9605846,0.7632380723953247
1710364844.9607184,0.9597634606891208
1710364844.9608524,1.0921816031138103
1710364844.9609861,1.1548875437842474
1710364844.96112,1.1387732293870714
1710364844.9612536,1.0466409391827054
1710364844.9613874,0.8833952744801838
1710364844.9615214,0.6619977288775973
1710364844.9616551,0.39540986220041907
1710364844.961789,0.0979944732454088
1710364844.9619226,-0.21129020386272007
1710364844.9620566,-0.5079469415876601
1710364844.9621904,-0.7772846354378594
1710364844.9623241,-1.0035422775480483
1710364844.962458,-1.1692077583736844
1710364844.9625916,-1.2658751010894775
1710364844.9627256,-1.2802350521087646
1710364844.9628594,-1.2126379542880588
1710364844.9629931,-1.066586242781745
1710364844.963127,-0.8525870905982124
1710364844.9632607,-0.583599673377143
1710364844.9633946,-0.27748632762167186
1710364844.9635284,0.04825008412202199
1710364844.9636621,0.3712382912635803
1710364844.963796,0.6697046094470553
1710364844.96393,0.9250824981265597
1710364844.9640636,1.1251109176211886
1710364844.9641974,1.2533254093594022
1710364844.9643312,1.3020188278622098
1710364844.964465,1.2694397237565782
1710364844.964599,1.1552378866407607
1710364844.9647326,0.9688715802298652
1710364844.9648664,0.7243533929189047
1710364844.9650002,0.4370970527331034
1710364844.9651341,0.1239176011747784
1710364844.965268,-0.19552922911114162
1710364844.9654016,-0.4953381419181824
1710364844.9655354,-0.7594221830368042
1710364844.9656692,-0.9720202949311998
1710364844.9658031,-1.1198233233557806
1710364844.965937,-1.1930243174235027
1710364844.9660707,-1.1856692367129855
1710364844.9662044,-1.0981081591712103
1710364844.9663382,-0.9387471278508503
1710364844.9664721,-0.7194943560494317
1710364844.966606,-0.45470982789993286
1710364844.9667397,-0.16015456782446966
1710364844.9668734,0.14563697907659742
1710364844.9670074,0.44130080276065403
1710364844.9671412,0.7096402512656318
1710364844.967275,0.9348912371529473
1710364844.9674087,1.103041304482354
1710364844.9675424,1.2063834402296278
1710364844.9676764,1.233357588450114
1710364844.9678102,1.1843138270907931
1710364844.967944,1.0620547003216214
1710364844.9680777,0.8749877744250827
1710364844.9682117,0.6360746092266506
1710364844.9683454,0.35932766066657174
1710364844.9684792,0.06051102446185218
1710364844.968613,-0.24001022179921466
1710364844.9687467,-0.5237078997823927
1710364844.9688807,-0.7741324106852213
1710364844.9690144,-0.9793754418690999
1710364844.9691482,-1.1275286144680448
1710364844.969282,-1.2084350321027968
1710364844.969416,-1.217541429731581
1710364844.9695497,-1.152396069632636
1710364844.9696834,-1.0203539662890964
1710364844.9698172,-0.828069978290134
1710364844.969951,-0.589553780025906
1710364844.970085,-0.31741417116589016
1710364844.9702187,-0.02776231409774886
1710364844.9703524,0.26264139347606236
1710364844.9704862,0.5320317546526591
1710364844.97062,0.7663908931944106
1710364844.970754,0.9513559606340196
1710364844.9708877,1.0736150211758084
1710364844.9710214,1.126161946190728
1710364844.9711552,1.1040922005971272
1710364844.9712892,1.0067052973641288
1710364844.971423,0.8431093560324775
1710364844.9715567,0.621711810429891
1710364844.9716904,0.3568754924668206
1710364844.9718242,0.06331352723969354
1710364844.9719582,-0.24001022179921466
1710364844.972092,-0.5321137772666084
1710364844.9722257,-0.7972485489315456
1710364844.9723594,-1.0200037558873494
1710364844.9724934,-1.1860194471147325
1710364844.9726272,-1.2826867898305256
1710364844.972761,-1.301950216293335
1710364844.9728947,-1.2406575679779053
1710364844.9730284,-1.1026613579856024
1710364844.9731624,-0.8967178397708468
1710364844.9732962,-0.6361362669203017
1710364844.97343,-0.3380785716904534
1710364844.9735637,-0.016904748562309477
1710364844.9736974,0.30397829082277084
1710364844.9738314,0.6010433700349596
1710364844.9739652,0.8588733938005235
1710364844.974099,1.0620547003216214
1710364844.9742327,1.195874081717597
1710364844.9743667,1.2512234846750896
1710364844.9745004,1.225650707880656
1710364844.9746342,1.11845506562127
1710364844.974768,0.9383944008085463
1710364844.9749017,0.6984302732679579
1710364844.9750357,0.41397644413842094
1710364844.9751694,0.10079697602325015
1710364844.9753032,-0.22004630830552843
1710364844.975437,-0.5230074127515157
1710364844.975571,-0.7930456267462836
1710364844.9757047,-1.0126486089494493
1710364844.9758384,-1.1671062310536702
1710364844.9759722,-1.2476624382866752
1710364844.976106,-1.2455609109666612
1710364844.97624,-1.1611521244049072
1710364844.9763737,-1.0021413034862943
1710364844.9765074,-0.7797363069322374
1710364844.9766412,-0.510748889711168
1710364844.9767752,-0.21023947331640455
1710364844.976909,0.1039497885439131
1710364844.9770427,0.4076708025402493
1710364844.9771764,0.6837171316146851
1710364844.9773102,0.9156240357293023
1710364844.9774442,1.0900797446568806
1710364844.977578,1.195874081717597
1710364844.9777117,1.2253003650241427
1710364844.9778454,1.1773074997795951
1710364844.9779792,1.052596304151747
1710364844.9781132,0.8634274535708957
1710364844.978247,0.6203105714586046
1710364844.9783807,0.3400604592429267
1710364844.9785144,0.03774070905314551
1710364844.9786484,-0.2659282750553555
1710364844.9787822,-0.550326473183102
1710364844.978916,-0.8007509840859307
1710364844.9790497,-1.0042427645789251
1710364844.9791834,-1.147492594189114
1710364844.9793174,-1.222444772720337
1710364844.9794512,-1.224546300040351
1710364844.979585,-1.152746280034383
1710364844.9797187,-1.0126486089494493
1710364844.9798527,-0.8154612117343478
1710364844.9799864,-0.5730923016866049
1710364844.9801202,-0.29990196228027344
1710364844.980254,-0.0102501114209493
1710364844.9803877,0.27735451857248944
1710364844.9805217,0.5425411462783813
1710364844.9806554,0.7712952958212959
1710364844.9807892,0.9499546554353502
1710364844.980923,1.0676597224341497
1710364844.9810567,1.1153022448221843
1710364844.9811907,1.0897294018003676
1710364844.9813244,0.9898902972539265
1710364844.9814582,0.8252433935801188
1710364844.981592,0.606298049290975
1710364844.981726,0.34461451901329887
1710364844.9818597,0.05595696055226856
1710364844.9819934,-0.24141119586096868
1710364844.9821272,-0.5268600914213393
1710364844.982261,-0.7860406902101305
1710364844.982395,-1.0042427645789251
1710364844.9825287,-1.1657052569919162
1710364844.9826624,-1.2609716256459553
1710364844.9827962,-1.2812858157687717
1710364844.9829302,-1.223145325978597
1710364844.983064,-1.0900525914298163
1710364844.9831977,-0.8911139435238308
1710364844.9833314,-0.6392884254455566
1710364844.9834652,-0.3471849030918545
1710364844.9835992,-0.033015975107749305
1710364844.983733,0.28260919782850474
1710364844.9838667,0.5772221088409424
1710364844.9840004,0.8343515131208632
1710364844.9841342,1.0382334391276042
1710364844.9842682,1.1766069465213351
1710364844.984402,1.237561305363973
1710364844.9845357,1.218294170167711
1710364844.9846694,1.1167034837934706
1710364844.9848034,0.9446999761793349
1710364844.9849372,0.7103408707512749
1710364844.985071,0.43219268321990967
1710364844.9852047,0.12286666366789076
1710364844.9853384,-0.19482874208026463
1710364844.9854724,-0.4995410641034444
1710364844.9856062,-0.7702797651290894
1710364844.98574,-0.9944359461466471
1710364844.9858737,-1.15379704369439
1710364844.9860077,-1.2378556198543973
1710364844.9861414,-1.2406575679779053
1710364844.9862752,-1.1583501762813992
1710364844.986409,-1.0003900527954102
1710364844.9865427,-0.7755333847469753
1710364844.9866767,-0.5019927687115139
1710364844.9868104,-0.19272726443078783
1710364844.9869442,0.1298729164732827
1710364844.987078,0.44410331381691825
1710364844.987212,0.7303086916605631
1710364844.9873457,0.9734256400002373
1710364844.9874794,1.1576900217268202
1710364844.9876132,1.2708409627278645
1710364844.987747,1.3055219915178087
1710364844.987881,1.2596310509575737
1710364844.9880147,1.1363209618462455
1710364844.9881485,0.9446999761793349
1710364844.9882822,0.6980799304114448
1710364844.988416,0.41222486231062144
1710364844.98855,0.10324916077984704
1710364844.9886837,-0.20743752519289652
1710364844.9888175,-0.4981400900416904
1710364844.9889512,-0.7538182867897881
1710364844.9890852,-0.9590612517462836
1710364844.989219,-1.1026613579856024
1710364844.9893527,-1.1741111013624403
1710364844.9894865,-1.1709589428371854
1710364844.9896202,-1.0925042629241943
1710364844.9897542,-0.9450515111287434
1710364844.989888,-0.7412094540066189
1710364844.9900217,-0.49218595027923584
1710364844.9901555,-0.2151428825325436
1710364844.9902894,0.07557446757952373
1710364844.9904232,0.3600282801522149
1710364844.990557,0.6210111909442477
1710364844.9906907,0.8431093560324775
1710364844.9908245,1.0130109389623005
1710364844.9909585,1.1202066474490695
1710364844.9910922,1.1559384398990207
1710364844.991226,1.118104722764757
1710364844.9913597,1.0081066025627983
1710364844.9914935,0.8340012364917331
1710364844.9916275,0.606648325920105
1710364844.9917612,0.3397101495001051
1710364844.991895,0.04825008412202199
1710364844.9920287,-0.24911656975746155
1710364844.9921627,-0.5331645078129238
1710364844.9922965,-0.7881421513027614
1710364844.9924302,-1.0017910930845473
1710364844.992564,-1.1597511503431532
1710364844.9926977,-1.2504643864101834
1710364844.9928317,-1.2697278128729925
1710364844.9929655,-1.212988297144572
1710364844.9930992,-1.0837481419245403
1710364844.993233,-0.8911139435238308
1710364844.993367,-0.6459430853525797
1710364844.9935007,-0.36399662494659424
1710364844.9936345,-0.06033501277367274
1710364844.9937682,0.24652701285150316
1710364844.993902,0.5323820975091722
1710364844.994036,0.7818046543333266
1710364844.9941697,0.9818331400553385
1710364844.9943035,1.1156525876786973
1710364844.9944372,1.1769572893778484
1710364844.994571,1.1583907074398465
1710364844.994705,1.0620547003216214
1710364844.9948387,0.8935543563630846
1710364844.9949725,0.6655008925331963
1710364844.9951062,0.3919067316585117
1710364844.9952402,0.08818571766217549
1710364844.995374,-0.2263506915834215
1710364844.9955077,-0.5265098479059007
1710364844.9956415,-0.7982992463641696
1710364844.9957752,-1.0235061910417345
1710364844.9959092,-1.1870702107747395
1710364844.996043,-1.2774331039852567
1710364844.9961767,-1.2865395016140408
1710364844.9963105,-1.2119375334845648
1710364844.9964445,-1.059931582874722
1710364844.9965782,-0.8396280474132961
1710364844.996712,-0.5681888924704658
1710364844.9968457,-0.2599741352929009
1710364844.9969795,0.06331352723969354
1710364844.9971135,0.38244830237494576
1710364844.9972472,0.6746090120739406
1710364844.997381,0.9233309162987603
1710364844.9975147,1.1139010058508978
1710364844.9976487,1.2330072455936008
1710364844.9977825,1.2739937835269504
1710364844.9979162,1.2323066923353407
1710364844.99805,1.111098461680942
1710364844.9981837,0.9201780954996744
1710364844.9983177,0.6728574302461412
1710364844.9984515,0.38384954134623206
1710364844.9985852,0.07172102729479472
1710364844.998719,-0.24421314398447672
1710364844.9988527,-0.5405196216371324
1710364844.9989867,-0.8000504970550537
1710364844.9991205,-1.0094964504241943
1710364844.9992542,-1.155548228157891
1710364844.999388,-1.2276984585656059
1710364844.999522,-1.222444772720337
1710364844.9996557,-1.139787170622084
1710364844.9997895,-0.987080799208747
1710364844.9999232,-0.7758836613761054
1710364845.000057,-0.5198552211125692
1710364845.000191,-0.23545703954166836
1710364845.0003247,0.06156196196873982
1710364845.0004585,0.3509201606114705
1710364845.0005922,0.614004929860433
1710364845.0007262,0.8378546767764621
1710364845.00086,1.0067052973641288
1710364845.0009937,1.1124997668796115
1710364845.0011275,1.1461297671000164
1710364845.0012612,1.1054935057957966
1710364845.0013952,0.991291602452596
1710364845.001529,0.8150843116972182
1710364845.0016627,0.5863302283816867
1710364845.0017965,0.31834108961953056
1710364845.0019302,0.02793195553951793
1710364845.0020642,-0.266979005601671
1710364845.002198,-0.546473761399587
1710364845.0023317,-0.7968982723024156
1710364845.0024655,-1.0042427645789251
1710364845.0025995,-1.1551980177561443
1710364845.0027332,-1.2413579887813992
1710364845.002867,-1.2553677293989394
1710364845.0030007,-1.1954760551452637
1710364845.0031345,-1.065885755750868
1710364845.0032685,-0.8750026755862765
1710364845.0034022,-0.6343850162294176
1710364845.003536,-0.3573419650395711
1710364845.0036697,-0.06068525628911124
1710364845.0038037,0.23917044202486673
1710364845.0039375,0.5190701948271857
1710364845.0040712,0.7635884152518378
1710364845.004205,0.9594131178326076
1710364845.0043387,1.091480983628167
1710364845.0044727,1.1517347229851616
1710364845.0046065,1.1370216475592718
1710364845.0047402,1.0434881183836195
1710364845.004874,0.8809431393941243
1710364845.0050077,0.6598958704206679
1710364845.0051417,0.3929576608869764
1710364845.0052755,0.09519197046756744
1710364845.0054092,-0.21269117792447406
1710364845.005543,-0.5089976721339755
1710364845.005677,-0.7783353328704834
1710364845.0058107,-1.0042427645789251
1710364845.0059445,-1.1699081791771782
1710364845.0060782,-1.2644741270277235
1710364845.006212,-1.2798848417070177
1710364845.006346,-1.212988297144572
1710364845.0064797,-1.066586242781745
1710364845.0066135,-0.8532875776290894
1710364845.0067472,-0.585000647438897
1710364845.0068812,-0.2795878052711487
1710364845.007015,0.0461482091082467
1710364845.0071487,0.3684357802073161
1710364845.0072825,0.6655008925331963
1710364845.0074162,0.9219296773274739
1710364845.0075502,1.1205568578508165
1710364845.007684,1.249822245703803
1710364845.0078177,1.2981654538048637
1710364845.0079515,1.2659366925557454
1710364845.0080855,1.1517347229851616
1710364845.0082192,0.9660690360599093
1710364845.008353,0.7222515344619751
1710364845.0084867,0.43534550401899547
1710364845.0086205,0.12216604418224758
1710364845.0087545,-0.19763069020377264
1710364845.0088882,-0.49603862894905937
1710364845.009022,-0.7615236441294352
1710364845.0091558,-0.9734212689929538
1710364845.0092895,-1.1212242974175346
1710364845.0094235,-1.1940750810835097
1710364845.0095572,-1.1877706315782335
1710364845.009691,-1.0998594098620944
1710364845.0098248,-0.9401481019126045
1710364845.0099587,-0.7208953301111857
1710364845.0100925,-0.45470982789993286
1710364845.0102262,-0.15980432430903116
1710364845.01036,0.14808918039004007
1710364845.0104938,0.44410331381691825
1710364845.0106277,0.7138440344068739
1710364845.0107615,0.9387446774376763
1710364845.0108953,1.110397842195299
1710364845.011029,1.2133897675408256
1710364845.011163,1.241765022277832
1710364845.0112967,1.1934219466315374
1710364845.0114305,1.0711628198623657
1710364845.0115643,0.8851468563079834
1710364845.011698,0.6465839677386813
1710364845.011832,0.3705376717779371
1710364845.0119658,0.07172102729479472
1710364845.0120995,-0.2288024127483368
1710364845.0122333,-0.511449376742045
1710364845.012367,-0.7625743415620592
1710364845.012501,-0.9667666753133137
1710364845.0126348,-1.1145696375105116
1710364845.0127685,-1.1954760551452637
1710364845.0129023,-1.2042321099175346
1710364845.0130363,-1.140137513478597
1710364845.01317,-1.0073949893315632
1710364845.0133038,-0.8154612117343478
1710364845.0134375,-0.5779957109027438
1710364845.0135713,-0.3062063455581665
1710364845.0137053,-0.017605237662792206
1710364845.013839,0.2720998227596283
1710364845.0139728,0.5400889449649386
1710364845.0141065,0.7733971542782253
1710364845.0142405,0.956960916519165
1710364845.0143743,1.0788697004318237
1710364845.014508,1.1310663488176134
1710364845.0146418,1.1086462603674994
1710364845.0147755,1.0112594233618841
1710364845.0149095,0.8476634158028497
1710364845.0150433,0.6262658702002631
1710364845.015177,0.36213017172283596
1710364845.0153108,0.06891852865616481
1710364845.0154445,-0.23405606547991434
1710364845.0155785,-0.5254591173595852
1710364845.0157123,-0.7902436123953925
1710364845.015846,-1.0140495830112033
1710364845.0159798,-1.1793647872077093
1710364845.0161138,-1.2770828935835097
1710364845.0162475,-1.297397083706326
1710364845.0163813,-1.2378556198543973
1710364845.016515,-1.1009101072947185
1710364845.0166488,-0.8967178397708468
1710364845.0167828,-0.6378874513838027
1710364845.0169165,-0.34053027629852295
1710364845.0170503,-0.02145792254143291
1710364845.017184,0.2976726492245992
1710364845.017318,0.5940371089511447
1710364845.0174518,0.8504658937454224
1710364845.0175855,1.052596304151747
1710364845.0177193,1.1867659621768527
1710364845.017853,1.2424657079908583
1710364845.017987,1.2168929311964247
1710364845.0181208,1.110748185051812
1710364845.0182545,0.9313881397247314
1710364845.0183883,0.6924749082989162
1710364845.0185223,0.40837142202589244
1710364845.018656,0.09729384548134273
1710364845.0187898,-0.22249801291359794
1710364845.0189235,-0.5247586303287082
1710364845.0190573,-0.7923451397154067
1710364845.0191913,-1.0112476348876953
1710364845.019325,-1.1660554673936632
1710364845.0194588,-1.2445101473066542
1710364845.0195925,-1.2413579887813992
1710364845.0197263,-1.155898438559638
1710364845.0198603,-0.9965374072392781
1710364845.019994,-0.7741324106852213
1710364845.0201278,-0.504094229804145
1710364845.0202615,-0.2039350734816657
1710364845.0203955,0.11025541358523898
1710364845.0205293,0.41397644413842094
1710364845.020663,0.6889718108707004
1710364845.0207968,0.9205284383561876
1710364845.0209305,1.0939331849416096
1710364845.0210645,1.1986766921149359
1710364845.0211983,1.2274022897084553
1710364845.021332,1.1773074997795951
1710364845.0214658,1.052596304151747
1710364845.0215998,0.8620262145996094
1710364845.0217335,0.618208646774292
1710364845.0218673,0.3362070189581977
1710364845.022001,0.032836331261528864
1710364845.0221348,-0.27188243137465584
1710364845.0222688,-0.5562806129455566
1710364845.0224025,-0.8081060647964478
1710364845.0225363,-1.0105471478568182
1710364845.02267,-1.154847674899631
1710364845.0228038,-1.22909943262736
1710364845.0229378,-1.230850617090861
1710364845.0230715,-1.1594009399414062
1710364845.0232053,-1.0193032688564725
1710364845.023339,-0.8217655950122409
1710364845.023473,-0.5793966849644979
1710364845.0236068,-0.3055058585272895
1710364845.0237405,-0.016554505046870973
1710364845.0238743,0.27034827404552036
1710364845.024008,0.5358851949373881
1710364845.024142,0.764639311366611
1710364845.0242758,0.9429484605789185
1710364845.0244095,1.060653461350335
1710364845.0245433,1.1082959837383695
1710364845.0246773,1.0816722446017795
1710364845.024811,0.9825337595409817
1710364845.0249448,0.8185874753528171
1710364845.0250785,0.598591168721517
1710364845.0252123,0.337257981300354
1710364845.0253463,0.04860039800405502
1710364845.02548,-0.24806583921114603
1710364845.0256138,-0.5335147513283623
1710364845.0257475,-0.7930456267462836
1710364845.0258813,-1.0112476348876953
1710364845.0260153,-1.1723599168989394
1710364845.026149,-1.2686770492129855
1710364845.0262828,-1.2896916601392958
1710364845.0264165,-1.232601934009128
1710364845.0265505,-1.1002096202638414
1710364845.0266843,-0.9016212489869859
1710364845.026818,-0.6497957971360948
1710364845.0269518,-0.3580424520704481
1710364845.0270855,-0.04422378622823291
1710364845.0272195,0.2720998227596283
1710364845.0273533,0.5677636464436849
1710364845.027487,0.8252433935801188
1710364845.0276208,1.0301762819290161
1710364845.0277548,1.1689000659518771
1710364845.0278885,1.2323066923353407
1710364845.0280223,1.2137401103973389
1710364845.028156,1.114601559109158
1710364845.0282898,0.9425981177224053
1710364845.0284238,0.7103408707512749
1710364845.0285575,0.4311417539914449
1710364845.0286913,0.12321698168913522
1710364845.028825,-0.19552922911114162
1710364845.028959,-0.4988405770725674
1710364845.0290928,-0.7709802521599664
1710364845.0292265,-0.9947861565483941
1710364845.0293603,-1.1551980177561443
1710364845.029494,-1.2399570147196453
1710364845.029628,-1.2427589628431532
1710364845.0297618,-1.1622028880649142
1710364845.0298955,-1.0042427645789251
1710364845.0300293,-0.7800865835613674
1710364845.030163,-0.5061957240104675
1710364845.030297,-0.19903166426552665
1710364845.0304308,0.1239176011747784
1710364845.0305645,0.43744736247592503
1710364845.0306983,0.7247036695480347
1710364845.0308323,0.9671199984020656
1710364845.030966,1.1506838268703885
1710364845.0310998,1.2638347678714328
1710364845.0312335,1.2985156642066107
1710364845.0313673,1.252975066502889
1710364845.0315013,1.1289644241333008
1710364845.031635,0.9373434384663899
1710364845.0317688,0.6907233926984999
1710364845.0319026,0.40486829148398507
1710364845.0320365,0.09659322599569956
1710364845.0321703,-0.21374190847078958
1710364845.032304,-0.5044444733195834
1710364845.0324378,-0.7583714193767971
1710364845.0325716,-0.9625637531280518
1710364845.0327055,-1.1044125424491034
1710364845.0328393,-1.1769130494859483
1710364845.032973,-1.1720097064971924
1710364845.0331068,-1.0928545395533245
1710364845.0332406,-0.9436505370669894
1710364845.0333745,-0.7380572954813639
1710364845.0335083,-0.4886835151248508
1710364845.033642,-0.21058971683184305
1710364845.0337758,0.08047884537114038
1710364845.0339098,0.36493264966540867
1710364845.0340436,0.6262658702002631
1710364845.0341773,0.8487143781450059
1710364845.034311,1.018615961074829
1710364845.0344448,1.1265122890472412
1710364845.0345788,1.1625944243537054
1710364845.0347126,1.1251109176211886
1710364845.0348463,1.0147625207901
1710364845.03498,0.8420583936903212
1710364845.035114,0.6150558259752061
1710364845.0352478,0.34951892164018417
1710364845.0353816,0.05805883970525529
1710364845.0355153,-0.23930973476833767
1710364845.035649,-0.5223069257206386
1710364845.035783,-0.7772846354378594
1710364845.0359168,-0.990583234363132
1710364845.0360506,-1.148893568250868
1710364845.0361843,-1.2410077783796523
1710364845.036318,-1.2613219685024686
1710364845.036452,-1.2049326631757948
1710364845.0365858,-1.0774437586466472
1710364845.0367196,-0.8862105343076918
1710364845.0368533,-0.6431411372290717
1710364845.0369873,-0.3625956508848402
1710364845.037121,-0.06068525628911124
1710364845.0372548,0.24512575732337102
1710364845.0373886,0.5299298961957296
1710364845.0375223,0.779702795876397
1710364845.0376563,0.9786803192562527
1710364845.03779,1.1132003201378715
1710364845.0379238,1.1748553646935356
1710364845.0380576,1.1580403645833333
1710364845.0381916,1.0627553198072646
1710364845.0383253,0.8956562148200141
1710364845.038459,0.668653647104899
1710364845.0385928,0.39646079142888385
1710364845.0387266,0.0941410329606798
1710364845.0388606,-0.2196960647900899
1710364845.0389943,-0.5202054646280077
1710364845.039128,-0.7916446526845295
1710364845.0392618,-1.0179022947947185
1710364845.0393958,-1.1821667353312175
1710364845.0395296,-1.2728799713982475
1710364845.0396633,-1.2837375534905326
1710364845.039797,-1.2101862165662978
1710364845.0399308,-1.058180332183838
1710364845.0400648,-0.8392778370115492
1710364845.0401986,-0.5681888924704658
1710364845.0403323,-0.2606746223237779
1710364845.040466,0.06366384112172656
1710364845.0405998,0.3831489218605889
1710364845.0407338,0.6756599081887139
1710364845.0408676,0.9250824981265597
1710364845.0410013,1.1160027980804443
1710364845.041135,1.2372109625074599
1710364845.041269,1.2785478432973225
1710364845.0414028,1.2372109625074599
1710364845.0415366,1.1167034837934706
1710364845.0416703,0.9264837370978461
1710364845.041804,0.6795133484734429
1710364845.041938,0.3908558024300469
1710364845.0420718,0.07837697035736507
1710364845.0422056,-0.23755851719114515
1710364845.0423393,-0.5335147513283623
1710364845.0424733,-0.7940963241789076
1710364845.042607,-1.0035422775480483
1710364845.0427408,-1.149243778652615
1710364845.0428746,-1.221394141515096
1710364845.0430083,-1.216140455669827
1710364845.0431423,-1.133482853571574
1710364845.043276,-0.9793754418690999
1710364845.0434098,-0.7681782378090752
1710364845.0435436,-0.5125001072883606
1710364845.0436773,-0.22775168220202127
1710364845.0438113,0.06961915228101942
1710364845.043945,0.35862704118092853
1710364845.0440788,0.6213614675733778
1710364845.0442126,0.8431093560324775
1710364845.0443466,1.0116096999910142
1710364845.0444803,1.1153022448221843
1710364845.044614,1.1468303203582764
1710364845.0447478,1.1047928200827704
1710364845.0448816,0.9898902972539265
1710364845.0450156,0.8101799752977159
1710364845.0451493,0.5803749296400282
1710364845.045283,0.3109845187928941
1710364845.0454168,0.01882382772035069
1710364845.0455508,-0.27678584059079486
1710364845.0456846,-0.5573313103781806
1710364845.0458183,-0.8077558543947008
1710364845.045952,-1.0154505570729573
1710364845.0460858,-1.1664058102501762
1710364845.0462198,-1.2518653604719374
1710364845.0463536,-1.2662253114912245
1710364845.0464873,-1.2056330839792888
1710364845.046621,-1.076042784584893
1710364845.0467548,-0.8848095602459377
1710364845.0468888,-0.6434914138582017
1710364845.0470226,-0.36714881658554077
1710364845.0471563,-0.06979160010814667
1710364845.04729,0.22936168644163343
1710364845.047424,0.5099620752864413
1710364845.0475578,0.7555311918258667
1710364845.0476916,0.9513559606340196
1710364845.0478253,1.0844747225443523
1710364845.047959,1.1450787385304768
1710364845.048093,1.1293147669898138
1710364845.0482268,1.0368322001563177
1710364845.0483606,0.8742871549394395
1710364845.0484943,0.652889609336853
1710364845.0486283,0.38560112317403156
1710364845.048762,0.08853603568341997
1710364845.0488958,-0.2193458212746514
1710364845.0490296,-0.5163527859581841
1710364845.0491633,-0.7867411772410074
1710364845.0492973,-1.0115979115168254
1710364845.049431,-1.1786643664042156
1710364845.0495648,-1.2735803922017415
1710364845.0496986,-1.2900418705410428
1710364845.0498326,-1.22279511557685
1710364845.0499663,-1.0774437586466472
1710364845.0501,-0.8637948830922444
1710364845.0502338,-0.595858163303799
1710364845.0503676,-0.2900951107343038
1710364845.0505016,0.03563883403937022
1710364845.0506353,0.35827673143810695
1710364845.050769,0.6570933924780952
1710364845.0509028,0.9142227967580159
1710364845.0510366,1.1139010058508978
1710364845.0511706,1.2438669469621446
1710364845.0513043,1.2946622901492648
1710364845.051438,1.2627838717566595
1710364845.0515718,1.148932245042589
1710364845.0517058,0.9639671776029799
1710364845.0518396,0.7201496097776625
1710364845.0519733,0.43254299296273124
1710364845.052107,0.11971385114722781
1710364845.0522408,-0.20008239481184217
1710364845.0523748,-0.5002415511343214
1710364845.0525086,-0.7646758026546902
1710364845.0526423,-0.9783246782090929
1710364845.052776,-1.1268281936645508
1710364845.05291,-1.2007297409905326
1710364845.0530438,-1.1937248706817627
1710364845.0531776,-1.1065140035417345
1710364845.0533113,-0.9471529722213745
1710364845.053445,-0.7264992263582017
1710364845.053579,-0.46031372414694893
1710364845.0537128,-0.1643575065665775
1710364845.0538466,0.14353510406282213
1710364845.0539804,0.4406001832750108
1710364845.054114,0.7106912136077881
1710364845.054248,0.9383944008085463
1710364845.0543818,1.1096972227096558
1710364845.0545156,1.2126890818277996
1710364845.0546494,1.242115365134345
1710364845.0547833,1.195173528459337
1710364845.054917,1.0732647445466783
1710364845.0550508,0.8868984381357828
1710364845.0551846,0.6493865119086372
1710364845.0553184,0.37298983997768825
1710364845.0554523,0.07627509534358978
1710364845.055586,-0.22424923049079046
1710364845.0557199,-0.5061957240104675
1710364845.0558536,-0.7566202349132961
1710364845.0559876,-0.9597618050045437
1710364845.0561213,-1.1058135165108574
1710364845.056255,-1.1849686834547255
1710364845.0563889,-1.1933745278252494
1710364845.0565226,-1.1278789573245578
1710364845.0566566,-0.9944359461466471
1710364845.0567904,-0.8025021685494317
1710364845.056924,-0.5646864573160807
1710364845.0570579,-0.2928970588578118
1710364845.0571916,-0.004295962345268991
1710364845.0573256,0.2847110893991258
1710364845.0574594,0.5519995755619472
1710364845.057593,0.7856580946180556
1710364845.0577269,0.9671199984020656
1710364845.0578609,1.0886785056855943
1710364845.0579946,1.1384228865305583
1710364845.0581284,1.114951901965671
1710364845.058262,1.0168643792470295
1710364845.0583959,0.8511665132310655
1710364845.0585299,0.6311702065997653
1710364845.0586636,0.3656333022647434
1710364845.0587974,0.07242165505886078
1710364845.058931,-0.2305536303255293
1710364845.059065,-0.5212561951743232
1710364845.0591989,-0.7856904798083835
1710364845.0593326,-1.0073949893315632
1710364845.0594664,-1.1734106805589464
1710364845.0596,-1.2697278128729925
1710364845.059734,-1.2893414497375488
1710364845.0598679,-1.2283990118238661
1710364845.0600016,-1.0925042629241943
1710364845.0601354,-0.8879617187711928
1710364845.0602694,-0.6298318836424086
1710364845.060403,-0.33212439881430733
1710364845.0605369,-0.01375255174934864
1710364845.0606706,0.30432860056559247
1710364845.0608044,0.5996421310636733
1710364845.0609384,0.8557205730014377
1710364845.061072,1.056449744436476
1710364845.0612059,1.1902691258324516
1710364845.0613396,1.245268185933431
1710364845.0614734,1.218644380569458
1710364845.0616074,1.1114487383100722
1710364845.061741,0.9306875202390883
1710364845.0618749,0.6917742888132731
1710364845.0620086,0.4073204927974277
1710364845.0621426,0.09554228848881191
1710364845.0622764,-0.22424923049079046
1710364845.06241,-0.5261596043904623
1710364845.0625439,-0.7951470878389146
1710364845.0626776,-1.0143998596403334
1710364845.0628116,-1.1678067843119304
1710364845.0629454,-1.2466116746266682
1710364845.063079,-1.2438097265031602
1710364845.0632129,-1.1579999658796523
1710364845.0633469,-0.9975881046719021
1710364845.0634806,-0.7741324106852213
1710364845.0636144,-0.502693255742391
1710364845.0637481,-0.2011331253581577
1710364845.0638819,0.11410885386996798
1710364845.0640159,0.41993174288007945
1710364845.0641496,0.6966786914401584
1710364845.0642834,0.9296365578969319
1710364845.0644171,1.1044425434536405
1710364845.0645509,1.210587289598253
1710364845.0646849,1.2393128871917725
1710364845.0648186,1.1906194686889648
1710364845.0649524,1.0648572444915771
1710364845.0650861,0.8739368783103095
1710364845.06522,0.629418690999349
1710364845.0653539,0.3470667203267415
1710364845.0654876,0.041944459080696106
1710364845.0656214,-0.26312632693184745
1710364845.0657551,-0.5499762296676636
1710364845.0658891,-0.8021519581476847
1710364845.0660229,-1.0073949893315632
1710364845.0661566,-1.151695516374376
1710364845.0662904,-1.2273482481638591
1710364845.0664244,-1.230150196287367
1710364845.0665581,-1.1583501762813992
1710364845.0666919,-1.0186027818255954
1710364845.0668256,-0.8217655950122409
1710364845.0669594,-0.5790464745627509
1710364845.0670934,-0.3055058585272895
1710364845.0672271,-0.016554505046870973
1710364845.0673609,0.27034827404552036
1710364845.0674946,0.5351845754517449
1710364845.0676284,0.7628877957661946
1710364845.0677624,0.9408465358946059
1710364845.0678961,1.0578509834077623
1710364845.0680299,1.1040922005971272
1710364845.0681636,1.076067222489251
1710364845.0682976,0.9772790802849664
1710364845.0684314,0.8115812142690022
1710364845.0685651,0.5905339452955458
1710364845.068699,0.3292007909880744
1710364845.0688326,0.040543207691775426
1710364845.0689666,-0.2571721706125471
1710364845.0691004,-0.5419205956988864
1710364845.0692341,-0.8018016815185547
1710364845.069368,-1.0182525051964653
1710364845.0695019,-1.1800653404659696
1710364845.0696356,-1.2749813662634955
1710364845.0697694,-1.2949453459845648
1710364845.0699031,-1.237155066596137
1710364845.070037,-1.1047628190782335
1710364845.0701709,-0.905824171172248
1710364845.0703046,-0.6539987193213569
1710364845.0704384,-0.3618951638539632
1710364845.0705721,-0.04877696020735635
1710364845.0707061,0.26684514350361294
1710364845.07084,0.5618083477020264
1710364845.0709736,0.8189377519819472
1710364845.0711074,1.0231700208452013
1710364845.0712411,1.1618937386406791
1710364845.0713751,1.2238991260528564
1710364845.071509,1.2056828869713676
1710364845.0716426,1.1058437824249268
1710364845.0717764,0.9334899981816609
1710364845.0719101,0.7008824083540175
1710364845.0720441,0.4223839441935221
1710364845.072178,0.11410885386996798
1710364845.0723116,-0.2039350734816657
1710364845.0724454,-0.5068962110413445
1710364845.0725794,-0.7786856094996134
1710364845.0727131,-1.0024915801154242
1710364845.072847,-1.1618525452084012
1710364845.0729806,-1.2469618850284152
1710364845.0731144,-1.2497638331519232
1710364845.0732484,-1.1685072051154242
1710364845.0733821,-1.0098466608259413
1710364845.073516,-0.7856904798083835
1710364845.0736496,-0.511449376742045
1710364845.0737836,-0.2032345864507887
1710364845.0739174,0.11971385114722781
1710364845.0740511,0.4342945416768392
1710364845.074185,0.7212005721198188
1710364845.0743186,0.964667797088623
1710364845.0744526,1.1482315593295627
1710364845.0745864,1.2620831860436332
1710364845.0747201,1.2967642148335774
1710364845.074854,1.2519241703881157
1710364845.0749876,1.1279135280185275
1710364845.0751216,0.9373434384663899
1710364845.0752554,0.6907233926984999
1710364845.0753891,0.40451798174116343
1710364845.075523,0.09659322599569956
1710364845.075657,-0.21409215198622808
1710364845.0757906,-0.5044444733195834
1710364845.0759244,-0.7587216960059272
1710364845.0760581,-0.9629139635297987
1710364845.076192,-1.1047628190782335
1710364845.076326,-1.1755120754241943
1710364845.0764596,-1.1706087324354384
1710364845.0765934,-1.0893521043989394
1710364845.0767272,-0.9401481019126045
1710364845.0768611,-0.7342045836978488
1710364845.076995,-0.48342982927958167
1710364845.0771286,-0.2032345864507887
1710364845.0772624,0.0899372829331292
1710364845.0773962,0.37614266077677405
1710364845.0775301,0.637475848197937
1710364845.077664,0.860624975628323
1710364845.0777977,1.0308769014146593
1710364845.0779314,1.1384228865305583
1710364845.0780654,1.1759062608083088
1710364845.0781991,1.138072543674045
1710364845.078333,1.0280744234720867
1710364845.0784667,0.8539690574010212
1710364845.0786004,0.6273167663150363
1710364845.0787344,0.36037858989503646
1710364845.0788682,0.07031978004508548
1710364845.079002,-0.22670095165570575
1710364845.0791357,-0.5100484026802911
1710364845.0792694,-0.7653762896855671
1710364845.0794034,-0.9769237041473389
1710364845.0795372,-1.1341832743750677
1710364845.079671,-1.225947274102105
1710364845.0798047,-1.2452107005649142
1710364845.0799387,-1.1891716056399875
1710364845.0800724,-1.0609822803073459
1710364845.0802062,-0.8693987793392605
1710364845.08034,-0.6266796588897705
1710364845.0804737,-0.346134172545539
1710364845.0806077,-0.04492427325910992
1710364845.0807414,0.26018920871946544
1710364845.0808752,0.5449933475918239
1710364845.081009,0.7923140128453572
1710364845.081143,0.991291602452596
1710364845.0812767,1.1251109176211886
1710364845.0814104,1.187116305033366
1710364845.0815442,1.1696006192101371
1710364845.081678,1.0736150211758084
1710364845.081812,0.9061656395594279
1710364845.0819457,0.6802139679590861
1710364845.0820794,0.4066198733117845
1710364845.0822132,0.10430009828673469
1710364845.082347,-0.20883849925465053
1710364845.082481,-0.5096981591648525
1710364845.0826147,-0.7807870705922444
1710364845.0827484,-1.0080954763624403
1710364845.0828822,-1.1727101273006864
1710364845.0830162,-1.2655248906877306
1710364845.08315,-1.2753317091200087
1710364845.0832837,-1.2031813462575276
1710364845.0834174,-1.0529267125659518
1710364845.0835512,-0.8354251252280341
1710364845.0836852,-0.5646864573160807
1710364845.083819,-0.25822291771570843
1710364845.0839527,0.06576571613550186
1710364845.0840864,0.38455016083187527
1710364845.0842204,0.6767108705308702
1710364845.0843542,0.9264837370978461
1710364845.084488,1.118104722764757
1710364845.0846217,1.2393128871917725
1710364845.0847554,1.2810001108381484
1710364845.0848894,1.2403637833065457
1710364845.0850232,1.1205568578508165
1710364845.085157,0.9310377968682183
1710364845.0852907,0.6851183705859714
1710364845.0854244,0.39646079142888385
1710364845.0855584,0.08433228565586938
1710364845.0856922,-0.2309038738409678
1710364845.085826,-0.5275606115659078
1710364845.0859597,-0.7874416642718844
1710364845.0860937,-0.9968876176410251
1710364845.0862274,-1.142939461602105
1710364845.0863612,-1.2154399024115667
1710364845.086495,-1.2098360061645508
1710364845.0866287,-1.1261276404062908
1710364845.0867627,-0.9723705715603298
1710364845.0868964,-0.7601226700676812
1710364845.0870302,-0.5044444733195834
1710364845.087164,-0.2189955777592129
1710364845.087298,0.07872728010018666
1710364845.0874317,0.3673848509788513
1710364845.0875654,0.629768967628479
1710364845.0876992,0.8518671327167087
1710364845.087833,1.0193165805604723
1710364845.087967,1.122658782535129
1710364845.0881007,1.153486304812961
1710364845.0882344,1.1096972227096558
1710364845.0883682,0.9940940803951687
1710364845.0885022,0.8133327960968018
1710364845.088636,0.5814258257548014
1710364845.0887697,0.31133482853571576
1710364845.0889034,0.017422578401035733
1710364845.0890372,-0.2802882923020257
1710364845.0891712,-0.5608338117599487
1710364845.089305,-0.8130095402399699
1710364845.0894387,-1.0221052169799805
1710364845.0895724,-1.1737608909606934
1710364845.0897062,-1.2599209944407146
1710364845.0898402,-1.2742809454600017
1710364845.089974,-1.2140389283498128
1710364845.0901077,-1.0847989055845473
1710364845.0902414,-0.8935656150182087
1710364845.0903754,-0.6532982322904799
1710364845.0905092,-0.3762551479869419
1710364845.090643,-0.07924819158183204
1710364845.0907767,0.21920262111557853
1710364845.0909104,0.5005036460028754
1710364845.0910444,0.7457224527994791
1710364845.0911782,0.941547155380249
1710364845.091312,1.0743156406614516
1710364845.0914457,1.1363209618462455
1710364845.0915797,1.1209072007073295
1710364845.0917134,1.0291253195868597
1710364845.0918472,0.8672808938556247
1710364845.091981,0.6465839677386813
1710364845.0921147,0.37999610106150306
1710364845.0922487,0.08328134814898173
1710364845.0923824,-0.22389898697535196
1710364845.0925162,-0.5212561951743232
1710364845.09265,-0.7902436123953925
1710364845.0927837,-1.0165013207329643
1710364845.0929177,-1.1839179197947185
1710364845.0930514,-1.2795346313052707
1710364845.0931852,-1.295996109644572
1710364845.093319,-1.2297999858856201
1710364845.093453,-1.0844486289554172
1710364845.0935867,-0.8711500300301446
1710364845.0937204,-0.6035635868708292
1710364845.0938542,-0.2981507447030809
1710364845.093988,0.02828226735194524
1710364845.094122,0.3519710898399353
1710364845.0942557,0.6507877508799235
1710364845.0943894,0.9086177746454874
1710364845.0945232,1.1093469460805256
1710364845.0946572,1.2400135729047987
1710364845.094791,1.291159126493666
1710364845.0949247,1.2592807081010606
1710364845.0950584,1.1471806632147894
1710364845.0951922,0.9625659386316935
1710364845.0953262,0.7190987136628892
1710364845.09546,0.43219268321990967
1710364845.0955937,0.11866291364034016
1710364845.0957274,-0.20078288184271917
1710364845.0958612,-0.5012922816806369
1710364845.0959952,-0.7664270533455743
1710364845.096129,-0.9804261393017238
1710364845.0962627,-1.1292799313863118
1710364845.0963964,-1.2042321099175346
1710364845.0965304,-1.1979277928670247
1710364845.0966642,-1.1107169919543796
1710364845.096798,-0.9506554073757595
1710364845.0969317,-0.7307021485434638
1710364845.0970654,-0.46451667944590247
1710364845.0971994,-0.16821018523640102
1710364845.0973332,0.13898104429244995
1710364845.097467,0.43604612350463867
1710364845.0976007,0.7054365343517727
1710364845.0977347,0.9327893786960177
1710364845.0978684,1.103391581111484
1710364845.0980022,1.2070841259426541
1710364845.098136,1.2365104092491996
1710364845.0982697,1.1888678868611653
1710364845.0984037,1.0673093795776367
1710364845.0985374,0.8823443783654107
1710364845.0986712,0.6437814897961086
1710364845.098805,0.3691364328066508
1710364845.098939,0.07277196480168237
1710364845.0990727,-0.22705119517114428
1710364845.0992064,-0.5075966980722215
1710364845.0993402,-0.7562699582841661
1710364845.099474,-0.9587110413445367
1710364845.099608,-1.1033618450164795
1710364845.0997417,-1.1814663145277235
1710364845.0998755,-1.1881208419799805
1710364845.1000092,-1.1215745078192816
1710364845.100143,-0.98638031217787
1710364845.100277,-0.7940963241789076
1710364845.1004107,-0.5548796388838027
1710364845.1005445,-0.2834404839409722
1710364845.1006782,0.006212575050691763
1710364845.1008122,0.29487013816833496
1710364845.100946,0.5628593100441827
1710364845.1010797,0.7947662141587999
1710364845.1012135,0.9772790802849664
1710364845.1013472,1.0984872447119818
1710364845.1014812,1.148932245042589
1710364845.101615,1.125461260477702
1710364845.1017487,1.0270234611299303
1710364845.1018825,0.8616759379704793
1710364845.1020164,0.640979011853536
1710364845.1021502,0.3754420412911309
1710364845.102284,0.08293103012773725
1710364845.1024177,-0.22004630830552843
1710364845.1025515,-0.511449376742045
1710364845.1026855,-0.7765841484069824
1710364845.1028192,-0.9989890787336562
1710364845.102953,-1.1653550465901692
1710364845.1030867,-1.2623725997077093
1710364845.1032205,-1.2833873430887859
1710364845.1033545,-1.225246720843845
1710364845.1034882,-1.0879511303371854
1710364845.103622,-0.8855100472768147
1710364845.1037557,-0.6284309095806545
1710364845.1038897,-0.33177415529886883
1710364845.1040235,-0.01375255174934864
1710364845.1041572,0.30467891030841404
1710364845.104291,0.6003427505493164
1710364845.1044247,0.8571218782001071
1710364845.1045587,1.0592522223790486
1710364845.1046925,1.1941224998897977
1710364845.1048262,1.249822245703803
1710364845.10496,1.2249500221676297
1710364845.105094,1.1170538266499836
1710364845.1052277,0.9390950202941895
1710364845.1053615,0.6998315122392442
1710364845.1054952,0.4164286123381721
1710364845.105629,0.10465041630797915
1710364845.105763,-0.2154931260479821
1710364845.1058967,-0.5191547340816921
1710364845.1060305,-0.7881421513027614
1710364845.1061642,-1.0091461737950642
1710364845.106298,-1.1643042829301622
1710364845.106432,-1.2445101473066542
1710364845.1065657,-1.2427589628431532
1710364845.1066995,-1.1583501762813992
1710364845.1068332,-1.0003900527954102
1710364845.1069672,-0.7769343588087294
1710364845.107101,-0.5079469415876601
1710364845.1072347,-0.20463556051254272
1710364845.1073685,0.11060572332806057
1710364845.1075022,0.41607830259535045
1710364845.1076362,0.6931755940119425
1710364845.10777,0.9271843565834893
1710364845.1079037,1.102690961625841
1710364845.1080375,1.2095362610287137
1710364845.1081715,1.2403637833065457
1710364845.1083052,1.1913200219472249
1710364845.108439,1.0676597224341497
1710364845.1085727,0.8767393562528822
1710364845.1087065,0.6329217884275649
1710364845.1088405,0.35056985086864895
1710364845.1089742,0.04649852299027973
1710364845.109108,-0.2596238917774624
1710364845.1092417,-0.5454230308532715
1710364845.1093757,-0.7982992463641696
1710364845.1095095,-1.0035422775480483
1710364845.1096432,-1.1481930149926078
1710364845.109777,-1.223845746782091
1710364845.1099107,-1.226297484503852
1710364845.1100447,-1.154847674899631
1710364845.1101785,-1.0158008337020874
1710364845.1103122,-0.8193139235178629
1710364845.110446,-0.5772952238718668
1710364845.1105797,-0.305155615011851
1710364845.1107137,-0.016204260496629607
1710364845.1108475,0.2692973282602098
1710364845.1109812,0.5330827169948154
1710364845.111115,0.7593846321105957
1710364845.111249,0.9366428189807467
1710364845.1113827,1.052596304151747
1710364845.1115165,1.0977866252263386
1710364845.1116502,1.0694113042619493
1710364845.111784,0.9674703412585788
1710364845.111918,0.8007215129004585
1710364845.1120517,0.5800245867835151
1710364845.1121855,0.3176404701338874
1710364845.1123192,0.027581643727090623
1710364845.1124532,-0.2704814573129018
1710364845.112587,-0.5562806129455566
1710364845.1127207,-0.8151110013326008
1710364845.1128545,-1.0326125224431355
1710364845.1129882,-1.1940750810835097
1710364845.1131222,-1.2889912393358018
1710364845.113256,-1.308955086602105
1710364845.1133897,-1.2508145968119304
1710364845.1135235,-1.1180721388922796
1710364845.1136572,-0.9187832143571641
1710364845.1137912,-0.665556788444519
1710364845.113925,-0.37415368689431083
1710364845.1140587,-0.05963452574279573
1710364845.1141925,0.25703638792037964
1710364845.1143265,0.5534008476469252
1710364845.1144602,0.8105302519268459
1710364845.114594,1.0158134831322563
1710364845.1147277,1.1541869905259874
1710364845.1148615,1.2172431415981717
1710364845.1149955,1.1990269025166829
1710364845.1151292,1.099187864197625
1710364845.115263,0.9275346994400024
1710364845.1153967,0.6952774524688721
1710364845.1155307,0.41677892208099365
1710364845.1156645,0.1078032288286421
1710364845.1157982,-0.21058971683184305
1710364845.115932,-0.5139010813501146
1710364845.1160657,-0.7860406902101305
1710364845.1161997,-1.0101969374550712
1710364845.1163335,-1.1709589428371854
1710364845.1164672,-1.2557180722554524
1710364845.116601,-1.2588702307807074
1710364845.1167347,-1.1779638131459553
1710364845.1168687,-1.0196534792582195
1710364845.1170025,-0.7951470878389146
1710364845.1171362,-0.5209059516588846
1710364845.11727,-0.21269117792447406
1710364845.117404,0.11130635109212664
1710364845.1175377,0.425887041621738
1710364845.1176715,0.7134936915503608
1710364845.1178052,0.9566106398900349
1710364845.117939,1.1401744683583577
1710364845.118073,1.2547266483306885
1710364845.1182067,1.2897578875223796
1710364845.1183405,1.2438669469621446
1710364845.1184742,1.1202066474490695
1710364845.1186082,0.9278849760691324
1710364845.118742,0.6816152731577555
1710364845.1188757,0.3950595524575975
1710364845.1190095,0.0860838426484002
1710364845.1191432,-0.22459947400622898
1710364845.1192772,-0.5153020554118686
1710364845.119411,-0.7699294884999592
1710364845.1195447,-0.9741217560238308
1710364845.1196785,-1.1163208219740126
1710364845.1198125,-1.1870702107747395
1710364845.1199462,-1.1814663145277235
1710364845.12008,-1.1009101072947185
1710364845.1202137,-0.9513558944066365
1710364845.1203475,-0.745062165790134
1710364845.1204815,-0.4946376548873054
1710364845.1206152,-0.21409215198622808
1710364845.120749,0.07907758984300825
1710364845.1208827,0.3656333022647434
1710364845.1210165,0.6273167663150363
1710364845.1211505,0.8501156171162922
1710364845.1212842,1.021768781873915
1710364845.121418,1.1293147669898138
1710364845.1215518,1.1671484841240776
1710364845.1216857,1.130015320248074
1710364845.1218195,1.0207178195317586
1710364845.1219532,0.8483640352884928
1710364845.122087,0.6224124299155341
1710364845.1222208,0.35862704118092853
1710364845.1223547,0.06891852865616481
1710364845.1224885,-0.22670095165570575
1710364845.1226223,-0.5082971851030985
1710364845.122756,-0.7618738545311822
1710364845.12289,-0.9723705715603298
1710364845.1230237,-1.1289297209845648
1710364845.1231575,-1.219292614195082
1710364845.1232913,-1.2382058302561443
1710364845.123425,-1.1818165249294705
1710364845.123559,-1.053627199596829
1710364845.1236928,-0.8616934219996134
1710364845.1238265,-0.6200249989827474
1710364845.1239603,-0.34018003278308445
1710364845.124094,-0.04002085576454798
1710364845.124228,0.2636923227045271
1710364845.1243618,0.5467448963059319
1710364845.1244955,0.795116557015313
1710364845.1246293,0.9919922219382392
1710364845.1247633,1.1251109176211886
1710364845.124897,1.1860654089185927
1710364845.1250308,1.1678491698371039
1710364845.1251645,1.0711628198623657
1710364845.1252983,0.9037134382459853
1710364845.1254323,0.6774114900165134
1710364845.125566,0.40486829148398507
1710364845.1256998,0.10254853301578097
1710364845.1258335,-0.21093996034728155
1710364845.1259675,-0.511449376742045
1710364845.1261013,-0.7825382550557454
1710364845.126235,-1.0091461737950642
1710364845.1263688,-1.1737608909606934
1710364845.1265025,-1.2651745478312175
1710364845.1266365,-1.2760321299235027
1710364845.1267703,-1.2038818995157878
1710364845.126904,-1.053977409998576
1710364845.1270378,-0.8350749148262872
1710364845.1271715,-0.5639859702852037
1710364845.1273055,-0.25787265764342415
1710364845.1274393,0.06646633976035647
1710364845.127573,0.3852507803175184
1710364845.1277068,0.6784624523586696
1710364845.1278408,0.9282353189256456
1710364845.1279745,1.1202066474490695
1710364845.1281083,1.241414811876085
1710364845.128242,1.283452245924208
1710364845.1283758,1.2431662612491183
1710364845.1285098,1.1237096786499023
1710364845.1286435,0.933840341038174
1710364845.1287773,0.6868699524137709
1710364845.128911,0.3989129927423265
1710364845.129045,0.08573353290557861
1710364845.1291788,-0.2312541173564063
1710364845.1293125,-0.5268600914213393
1710364845.1294463,-0.7874416642718844
1710364845.12958,-0.9968876176410251
1710364845.129714,-1.141888697942098
1710364845.1298478,-1.2136887179480658
1710364845.1299815,-1.2087852425045438
1710364845.1301153,-1.1240262455410428
1710364845.1302493,-0.9692183468076918
1710364845.130383,-0.7562699582841661
1710364845.1305168,-0.4988405770725674
1710364845.1306505,-0.21269117792447406
1710364845.1307843,0.08678447041246626
1710364845.1309183,0.37614266077677405
1710364845.131052,0.6395777066548666
1710364845.1311858,0.8616759379704793
1710364845.1313195,1.0305265585581462
1710364845.1314533,1.133868826760186
1710364845.1315873,1.1636453204684787
1710364845.131721,1.1188054084777832
1710364845.1318548,1.0011003414789836
1710364845.1319885,0.8203390571806166
1710364845.1321225,0.58703084786733
1710364845.1322563,0.31518826882044476
1710364845.13239,0.019524453414811026
1710364845.1325238,-0.2785370747248332
1710364845.1326575,-0.5611840221616957
1710364845.1327915,-0.8140602376725938
1710364845.1329253,-1.0235061910417345
1710364845.133059,-1.1762126286824544
1710364845.1331928,-1.2623725997077093
1710364845.1333268,-1.2770828935835097
1710364845.1334605,-1.217541429731581
1710364845.1335943,-1.0883013407389324
1710364845.133728,-0.8981188138326008
1710364845.1338618,-0.6578513648774889
1710364845.1339958,-0.38220932086308795
1710364845.1341295,-0.08625307016902499
1710364845.1342633,0.2121963765886095
1710364845.134397,0.49104518360561794
1710364845.1345308,0.7345124748018053
1710364845.1346648,0.9289359384112887
1710364845.1347985,1.0592522223790486
1710364845.1349323,1.1195059617360432
1710364845.135066,1.103041304482354
1710364845.1352,1.010208461019728
1710364845.1353338,0.8473130729463365
1710364845.1354675,0.6262658702002631
1710364845.1356013,0.35932766066657174
1710364845.135735,0.06331352723969354
1710364845.135869,-0.24386290046903822
1710364845.1360028,-0.5394688910908169
1710364845.1361365,-0.8081060647964478
1710364845.1362703,-1.0326125224431355
1710364845.1364043,-1.1979277928670247
1710364845.136538,-1.2917931874593098
1710364845.1366718,-1.307203902138604
1710364845.1368055,-1.2399570147196453
1710364845.1369393,-1.0942555136150784
1710364845.1370733,-0.8799061510297987
1710364845.137207,-0.6126699182722304
1710364845.1373408,-0.306556589073605
1710364845.1374745,0.01987476522723834
1710364845.1376083,0.34286297029919094
1710364845.1377423,0.6423802508248223
1710364845.137876,0.899159378475613
1710364845.1380098,1.0998884836832683
1710364845.1381435,1.2302047676510282
1710364845.1382775,1.2817006640964084
1710364845.1384113,1.24947190284729
1710364845.138545,1.1366713047027588
1710364845.1386788,0.9520565801196628
1710364845.1388125,0.7082390122943454
1710364845.1389465,0.422033601337009
1710364845.1390803,0.10920447607835133
1710364845.139214,-0.20953898628552753
1710364845.1393478,-0.5093479156494141
1710364845.1394818,-0.7741324106852213
1710364845.1396155,-0.988131562868754
1710364845.1397493,-1.136985222498576
1710364845.139883,-1.2098360061645508
1710364845.1400168,-1.2035316891140408
1710364845.1401508,-1.1156204011705186
1710364845.1402845,-0.9552086061901516
1710364845.1404183,-0.7356055577596029
1710364845.140552,-0.46906984514660305
1710364845.140686,-0.17276335093710157
1710364845.1408198,0.13512760400772095
1710364845.1409535,0.4332436124483744
1710364845.1410873,0.7026339901818169
1710364845.141221,0.9296365578969319
1710364845.141355,1.1002387603123982
1710364845.1414888,1.2039313051435683
1710364845.1416225,1.2326569027370877
1710364845.1417563,1.1843138270907931
1710364845.14189,1.0627553198072646
1710364845.142024,0.8767393562528822
1710364845.1421578,0.6378261910544502
1710364845.1422915,0.3617798619800144
1710364845.1424253,0.06436446474658118
1710364845.1425593,-0.23545703954166836
1710364845.142693,-0.5167030294736227
1710364845.1428268,-0.7660767767164443
1710364845.1429605,-0.9688681364059448
1710364845.1430943,-1.1135188738505046
1710364845.1432283,-1.1916233433617485
1710364845.143362,-1.1979277928670247
1710364845.1434958,-1.1299803521898057
1710364845.1436296,-0.9947861565483941
1710364845.1437635,-0.8007509840859307
1710364845.1438973,-0.5601333247290717
1710364845.144031,-0.28729316261079574
1710364845.1441648,0.0030597614952259595
1710364845.1442986,0.29276827971140545
1710364845.1444325,0.5614580048455132
1710364845.1445663,0.7944158713022867
1710364845.1447,0.9779796997706095
1710364845.1448338,1.099538140826755
1710364845.1449676,1.1510341697269015
1710364845.1451015,1.1282637384202745
1710364845.1452353,1.0308769014146593
1710364845.145369,0.8665802743699815
1710364845.1455028,0.6458833482530382
1710364845.1456368,0.38209799263212413
1710364845.1457705,0.0902875926759508
1710364845.1459043,-0.21164044737815857
1710364845.146038,-0.5023430122269524
1710364845.1461718,-0.7671275403764513
1710364845.1463058,-0.989182260301378
1710364845.1464396,-1.154147254096137
1710364845.1465733,-1.2515150176154242
1710364845.146707,-1.2725297609965007
1710364845.146841,-1.2133385075463188
1710364845.1469748,-1.0788447327084012
1710364845.1471086,-0.8767539262771606
1710364845.1472423,-0.6196747885810004
1710364845.147376,-0.3247692849900987
1710364845.14751,-0.007448159158229828
1710364845.1476438,0.30958327982160777
1710364845.1477776,0.6045464674631754
1710364845.1479113,0.8599243561426798
1710364845.148045,1.0617044236924913
1710364845.148179,1.19552387131585
1710364845.1483128,1.2515738275316026
1710364845.1484466,1.226701603995429
1710364845.1485803,1.1198563045925565
1710364845.1487143,0.941547155380249
1710364845.148848,0.7033346096674601
1710364845.1489818,0.4195814331372579
1710364845.1491156,0.10850384831428528
1710364845.1492493,-0.21093996034728155
1710364845.1493833,-0.5142513248655531
1710364845.149517,-0.7835890187157525
1710364845.1496508,-1.0038925541771782
1710364845.1497846,-1.1594009399414062
1710364845.1499186,-1.2392565939161513
1710364845.1500523,-1.237155066596137
1710364845.150186,-1.15379704369439
1710364845.1503198,-0.9933851824866401
1710364845.1504536,-0.7706299755308363
1710364845.1505876,-0.4995410641034444
1710364845.1507213,-0.19622971614201862
1710364845.150855,0.11936354140440622
1710364845.1509888,0.425887041621738
1710364845.1511228,0.7040352291531032
1710364845.1512566,0.9383944008085463
1710364845.1513903,1.114951901965671
1710364845.151524,1.222147544225057
1710364845.1516578,1.252274513244629
1710364845.1517918,1.203230751885308
1710364845.1519256,1.0785194238026936
1710364845.1520593,0.887599057621426
1710364845.152193,0.6430808703104655
1710364845.1523268,0.36037858989503646
1710364845.1524608,0.05560665080944697
1710364845.1525946,-0.25051754381921554
1710364845.1527283,-0.5377176735136244
1710364845.152862,-0.7895431253645155
1710364845.152996,-0.9947861565483941
1710364845.1531298,-1.138736539416843
1710364845.1532636,-1.2154399024115667
1710364845.1533973,-1.216140455669827
1710364845.153531,-1.1446906460656059
1710364845.153665,-1.0038925541771782
1710364845.1537988,-0.8056543933020698
1710364845.1539326,-0.5632854832543267
1710364845.1540663,-0.29079559776518077
1710364845.1542003,-0.0014940098238488038
1710364845.154334,0.28330981731414795
1710364845.1544678,0.5463945865631104
1710364845.1546016,0.772346191936069
1710364845.1547353,0.9482031398349338
1710364845.1548693,1.0627553198072646
1710364845.155003,1.1054935057957966
1710364845.1551368,1.0767678419748943
1710364845.1552706,0.9730752971437242
1710364845.1554043,0.8056259155273438
1710364845.1555383,0.5824767880969577
1710364845.155672,0.31869139936235213
1710364845.1558058,0.027581643727090623
1710364845.1559396,-0.27188243137465584
1710364845.1560736,-0.5573313103781806
1710364845.1562073,-0.8175626728269789
1710364845.156341,-1.0361149575975206
1710364845.1564748,-1.1982780032687717
1710364845.1566086,-1.2938945823245578
1710364845.1567426,-1.314909193250868
1710364845.1568763,-1.2581696775224473
1710364845.15701,-1.1264779832628038
1710364845.1571438,-0.9292905198203193
1710364845.1572778,-0.6774650679694282
1710364845.1574116,-0.38711273007922703
1710364845.1575453,-0.07364428705639309
1710364845.157679,0.24197295308113098
1710364845.1578128,0.5372864670223659
1710364845.1579468,0.795116557015313
1710364845.1580806,1.0003997219933403
1710364845.1582143,1.1391234397888184
1710364845.158348,1.203230751885308
1710364845.1584818,1.1860654089185927
1710364845.1586158,1.0886785056855943
1710364845.1587496,0.918426579899258
1710364845.1588833,0.6879208485285441
1710364845.159017,0.4104733135965135
1710364845.159151,0.10359947052266863
1710364845.1592848,-0.2130414214399126
1710364845.1594186,-0.5163527859581841
1710364845.1595523,-0.7874416642718844
1710364845.159686,-1.0112476348876953
1710364845.15982,-1.1713091532389324
1710364845.1599538,-1.2571190463172064
1710364845.1600876,-1.2609716256459553
1710364845.1602213,-1.1800653404659696
1710364845.1603553,-1.0224554273817275
1710364845.160489,-0.7989997333950466
1710364845.1606228,-0.5251088738441467
1710364845.1607566,-0.2168941166665819
1710364845.1608903,0.10640197330050997
1710364845.1610243,0.4213329818513658
1710364845.161158,0.7089396317799886
1710364845.1612918,0.9527571996053059
1710364845.1614256,1.137722200817532
1710364845.1615596,1.252624723646376
1710364845.1616933,1.288356648551093
1710364845.161827,1.2435166041056316
1710364845.1619608,1.1209072007073295
1710364845.1620946,0.929986900753445
1710364845.1622286,0.6837171316146851
1710364845.1623623,0.39716141091452706
1710364845.162496,0.08853603568341997
1710364845.1626298,-0.22214776939815944
1710364845.1627636,-0.512850350803799
1710364845.1628976,-0.7678280274073283
1710364845.1630313,-0.9730710585912068
1710364845.163165,-1.1156204011705186
1710364845.1632988,-1.1863696575164795
1710364845.1634328,-1.1828672885894775
1710364845.1635666,-1.1019608709547255
1710364845.1637003,-0.9531071450975206
1710364845.163834,-0.7468133502536349
1710364845.1639678,-0.49708935949537486
1710364845.1641018,-0.2172443601820204
1710364845.1642356,0.07522415783670214
1710364845.1643693,0.3614295522371928
1710364845.164503,0.6227627065446641
1710364845.164637,0.8459118339750502
1710364845.1647708,1.0182656182183158
1710364845.1649046,1.125811603334215
1710364845.1650383,1.1629447672102187
1710364845.165172,1.1272128423055012
1710364845.165306,1.0182656182183158
1710364845.1654398,0.8462621768315632
1710364845.1655736,0.6213614675733778
1710364845.1657073,0.3575761119524638
1710364845.165841,0.06856821477413177
1710364845.165975,-0.22600044806798297
1710364845.1661088,-0.5068962110413445
1710364845.1662426,-0.7601226700676812
1710364845.1663764,-0.9702691104676988
1710364845.1665103,-1.1261276404062908
1710364845.166644,-1.216490666071574
1710364845.1667778,-1.234703328874376
1710364845.1669116,-1.1783140235477023
1710364845.1670454,-1.0501247644424438
1710364845.1671793,-0.8595919609069824
1710364845.167313,-0.6168728404574924
1710364845.1674469,-0.3384288152058919
1710364845.1675806,-0.036518416470951505
1710364845.1677146,0.26649483376079136
1710364845.1678483,0.5509486463334825
1710364845.167982,0.7989699310726589
1710364845.1681159,0.9968965583377414
1710364845.1682496,1.1310663488176134
1710364845.1683836,1.1930716037750244
1710364845.1685174,1.1755560504065619
1710364845.168651,1.08027093940311
1710364845.1687849,0.9135221772723727
1710364845.1689188,0.6879208485285441
1710364845.1690526,0.4164286123381721
1710364845.1691864,0.11410885386996798
1710364845.16932,-0.19973215129640368
1710364845.1694539,-0.5005917946497599
1710364845.1695879,-0.7730817132525973
1710364845.1697216,-0.9996895657645332
1710364845.1698554,-1.1657052569919162
1710364845.169989,-1.2592204411824544
1710364845.1701229,-1.2711287869347465
1710364845.1702569,-1.2007297409905326
1710364845.1703906,-1.0508252514733207
1710364845.1705244,-0.8336739407645332
1710364845.170658,-0.5636357598834567
1710364845.170792,-0.2571721706125471
1710364845.1709259,0.06646633976035647
1710364845.1710596,0.3870023621453179
1710364845.1711934,0.6805643108155992
1710364845.171327,0.9313881397247314
1710364845.171461,1.1251109176211886
1710364845.1715949,1.2477204534742568
1710364845.1717286,1.2908087836371527
1710364845.1718624,1.2519241703881157
1710364845.1719964,1.133518483903673
1710364845.17213,0.9436490800645616
1710364845.1722639,0.6977296537823147
1710364845.1723976,0.40907204151153564
1710364845.1725314,0.0958925982316335
1710364845.1726654,-0.22179752588272095
1710364845.172799,-0.5191547340816921
1710364845.1729329,-0.7804367939631144
1710364845.1730666,-0.991984208424886
1710364845.1732004,-1.13908674981859
1710364845.1733344,-1.2119375334845648
1710364845.173468,-1.2070340580410428
1710364845.1736019,-1.1229754818810356
1710364845.1737356,-0.9692183468076918
1710364845.1738696,-0.7559197478824191
1710364845.1740034,-0.4981400900416904
1710364845.174137,-0.21093996034728155
1710364845.1742709,0.08818571766217549
1710364845.1744046,0.3792954815758599
1710364845.1745386,0.6437814897961086
1710364845.1746724,0.8669306172264947
1710364845.174806,1.0357813040415447
1710364845.1749399,1.1401744683583577
1710364845.1750739,1.172052886750963
1710364845.1752076,1.1275631851620145
1710364845.1753414,1.0116096999910142
1710364845.1754751,0.8308484156926472
1710364845.1756089,0.5975402063793606
1710364845.1757429,0.3267485896746318
1710364845.1758766,0.03248601944910155
1710364845.1760104,-0.26487754450904
1710364845.1761441,-0.5475244919459025
1710364845.1762779,-0.7989997333950466
1710364845.1764119,-1.0080954763624403
1710364845.1765456,-1.1601013607449002
1710364845.1766794,-1.2462614642249212
1710364845.1768131,-1.2613219685024686
1710364845.176947,-1.2024809254540336
1710364845.1770809,-1.073240836461385
1710364845.1772146,-0.8834085861841837
1710364845.1773484,-0.6459430853525797
1710364845.1774821,-0.3710014952553643
1710364845.1776161,-0.07679648697376251
1710364845.1777499,0.2199032571580675
1710364845.1778836,0.49665020571814644
1710364845.1780174,0.7387161917156643
1710364845.1781514,0.9310377968682183
1710364845.1782851,1.060653461350335
1710364845.1784189,1.1195059617360432
1710364845.1785526,1.1019903421401978
1710364845.1786864,1.0084568791919284
1710364845.1788204,0.845211214489407
1710364845.1789541,0.6241640117433336
1710364845.1790879,0.35652514961030746
1710364845.1792216,0.06051102446185218
1710364845.1793556,-0.24736533562342325
1710364845.1794894,-0.5426210827297634
1710364845.1796231,-0.8112582895490859
1710364845.1797569,-1.0368154446283977
1710364845.1798906,-1.2035316891140408
1710364845.1800246,-1.29879805776808
1710364845.1801584,-1.3138585620456271
1710364845.1802921,-1.2469618850284152
1710364845.180426,-1.1019608709547255
1710364845.1805596,-0.8886622058020698
1710364845.1806936,-0.6210757626427544
1710364845.1808274,-0.3153126769595676
1710364845.1809611,0.011116951290104125
1710364845.181095,0.3344554702440898
1710364845.1812289,0.6346733702553643
1710364845.1813626,0.8932040797339545
1710364845.1814964,1.094984081056383
1710364845.1816301,1.226001050737169
1710364845.181764,1.2778472900390625
1710364845.1818979,1.2470197677612305
1710364845.1820316,1.1342191696166992
1710364845.1821654,0.9503049982918633
1710364845.1822991,0.7064874304665459
1710364845.1824331,0.4195814331372579
1710364845.182567,0.10675229132175446
1710364845.1827006,-0.2130414214399126
1710364845.1828344,-0.5139010813501146
1710364845.1829681,-0.7786856094996134
1710364845.1831021,-0.9926846954557631
1710364845.183236,-1.141888697942098
1710364845.1833696,-1.21579024526808
1710364845.1835034,-1.2077346112993028
1710364845.1836371,-1.1201735337575276
1710364845.1837711,-0.9590612517462836
1710364845.183905,-0.7373568084504869
1710364845.1840386,-0.47012057569291854
1710364845.1841724,-0.17206286390622458
1710364845.1843064,0.13652885953585306
1710364845.1844401,0.4349951942761739
1710364845.184574,0.7068377733230591
1710364845.1847076,0.933840341038174
1710364845.1848414,1.1047928200827704
1710364845.1849754,1.2084853649139404
1710364845.1851091,1.2365104092491996
1710364845.185243,1.188167201148139
1710364845.1853766,1.0652075211207073
1710364845.1855106,0.8781405952241685
1710364845.1856444,0.6392274300257365
1710364845.1857781,0.3614295522371928
1710364845.185912,0.0629632133576605
1710364845.1860456,-0.23755851719114515
1710364845.1861796,-0.5198552211125692
1710364845.1863134,-0.7692290014690822
1710364845.1864471,-0.9727207819620768
1710364845.186581,-1.1180721388922796
1710364845.1867146,-1.1958262655470107
1710364845.1868486,-1.2014301617940266
1710364845.1869824,-1.133482853571574
1710364845.1871161,-0.9986388683319092
1710364845.18725,-0.8042534192403157
1710364845.187384,-0.5629352728525797
1710364845.1875176,-0.2900951107343038
1710364845.1876514,0.0006075733755197789
1710364845.1877851,0.29031607839796275
1710364845.187919,0.5593561463885837
1710364845.188053,0.7926643557018703
1710364845.1881866,0.9769287374284532
1710364845.1883204,1.099538140826755
1710364845.1884542,1.1510341697269015
1710364845.1885881,1.1289644241333008
1710364845.188722,1.0319278637568157
1710364845.1888556,0.8679815133412678
1710364845.1889894,0.6479852067099677
1710364845.1891232,0.3841998510890537
1710364845.1892571,0.09309009545379214
1710364845.189391,-0.20813801222377354
1710364845.1895247,-0.4995410641034444
1710364845.1896584,-0.7629246181911892
1710364845.1897924,-0.9842788510852389
1710364845.1899261,-1.149944331910875
1710364845.19006,-1.2466116746266682
1710364845.1901937,-1.2676262855529785
1710364845.1903274,-1.2084350321027968
1710364845.1904614,-1.073240836461385
1710364845.1905951,-0.8700992663701375
1710364845.190729,-0.6130201286739773
1710364845.1908627,-0.31706392765045166
1710364845.1909964,0.0006075733755197789
1710364845.1911304,0.31939201884799534
1710364845.1912642,0.6157565116882324
1710364845.191398,0.87218529648251
1710364845.1915317,1.0746659835179646
1710364845.1916656,1.2095362610287137
1710364845.1917994,1.2659366925557454
1710364845.1919332,1.241414811876085
1710364845.192067,1.1349197228749592
1710364845.1922007,0.9562602970335219
1710364845.1923347,0.7173471318350898
1710364845.1924684,0.4342945416768392
1710364845.1926022,0.12146541641818152
1710364845.192736,-0.19903166426552665
1710364845.19287,-0.5030434992578294
1710364845.1930037,-0.7744826873143513
1710364845.1931374,-0.9958369202084011
1710364845.1932712,-1.151695516374376
1710364845.193405,-1.232952144410875
1710364845.193539,-1.232952144410875
1710364845.1936727,-1.148893568250868
1710364845.1938064,-0.989532536930508
1710364845.1939402,-0.7674777507781982
1710364845.194074,-0.49673911597993636
1710364845.194208,-0.19412823849254185
1710364845.1943417,0.12181572616100311
1710364845.1944754,0.4290398624208238
1710364845.1946092,0.7075383928087022
1710364845.1947432,0.941547155380249
1710364845.194877,1.1188054084777832
1710364845.1950107,1.225650707880656
1710364845.1951444,1.256478230158488
1710364845.1952782,1.2070841259426541
1710364845.1954122,1.0823728640874226
1710364845.195546,0.891452497906155
1710364845.1956797,0.6472845872243246
1710364845.1958134,0.36423203017976546
1710364845.1959474,0.059109777212142944
1710364845.1960812,-0.24701509210798475
1710364845.196215,-0.5338649948438009
1710364845.1963487,-0.7870914538701375
1710364845.1964824,-0.991283721394009
1710364845.1966164,-1.134883827633328
1710364845.1967502,-1.2098360061645508
1710364845.196884,-1.2112369802263048
1710364845.1970177,-1.13838619656033
1710364845.1971514,-0.9982885917027791
1710364845.1972854,-0.8000504970550537
1710364845.1974192,-0.5573313103781806
1710364845.197553,-0.2837907274564107
1710364845.1976867,0.004461011849343777
1710364845.1978207,0.2896154589123196
1710364845.1979544,0.5516492658191257
1710364845.1980882,0.7776008711920844
1710364845.198222,0.9527571996053059
1710364845.1983557,1.0655578639772203
1710364845.1984897,1.1086462603674994
1710364845.1986234,1.0781690809461806
1710364845.1987572,0.9741262594858805
1710364845.198891,0.8049252960417006
1710364845.199025,0.5828270647260878
1710364845.1991587,0.317990779876709
1710364845.1992924,0.026530704150597252
1710364845.1994262,-0.27188243137465584
1710364845.19956,-0.5583820740381876
1710364845.199694,-0.8182631598578559
1710364845.1998277,-1.0361149575975206
1710364845.1999614,-1.1979277928670247
1710364845.2000952,-1.2935443719228108
1710364845.2002292,-1.314909193250868
1710364845.200363,-1.2578194671207004
1710364845.2004967,-1.1268281936645508
1710364845.2006304,-0.9289403094185723
1710364845.2007642,-0.6781655550003052
1710364845.2008982,-0.3895644346872965
1710364845.201032,-0.07679648697376251
1710364845.2011657,0.23741887675391302
1710364845.2012994,0.5316814449098375
1710364845.2014332,0.787759953074985
1710364845.2015672,0.9923424985673692
1710364845.201701,1.129665109846327
1710364845.2018347,1.1934219466315374
1710364845.2019684,1.1752057075500488
1710364845.2021024,1.0767678419748943
1710364845.2022362,0.9051146772172716
1710364845.20237,0.6742586692174276
1710364845.2025037,0.39646079142888385
1710364845.2026374,0.08888634542624156
1710364845.2027714,-0.22705119517114428
1710364845.2029052,-0.5296620726585388
1710364845.203039,-0.8004007074568007
1710364845.2031727,-1.0249071651034884
1710364845.2033067,-1.1835677093929715
1710364845.2034404,-1.2686770492129855
1710364845.2035742,-1.2711287869347465
1710364845.203708,-1.1902223692999945
1710364845.2038417,-1.0312115483813815
1710364845.2039757,-0.8077558543947008
1710364845.2041094,-0.5331645078129238
1710364845.2042432,-0.22354874345991346
1710364845.204377,0.10009634825918409
1710364845.2045107,0.41607830259535045
1710364845.2046447,0.7033346096674601
1710364845.2047784,0.9471521774927775
1710364845.2049122,1.1321172449323866
1710364845.205046,1.2466694249047172
1710364845.20518,1.2820510069529216
1710364845.2053137,1.236860752105713
1710364845.2054474,1.1128499772813585
1710364845.2055812,0.9219296773274739
1710364845.205715,0.6753096315595839
1710364845.205849,0.38945453034506905
1710364845.2059827,0.08082915511396196
1710364845.2061164,-0.2305536303255293
1710364845.2062502,-0.5198552211125692
1710364845.2063842,-0.7755333847469753
1710364845.206518,-0.9793754418690999
1710364845.2066517,-1.1215745078192816
1710364845.2067854,-1.1912731329600017
1710364845.2069192,-1.1856692367129855
1710364845.2070532,-1.1047628190782335
1710364845.207187,-0.9541578425301446
1710364845.2073207,-0.747864113913642
1710364845.2074544,-0.49673911597993636
1710364845.2075882,-0.21654387315114337
1710364845.2077222,0.07662540508641137
1710364845.207856,0.36318110095130074
1710364845.2079897,0.6241640117433336
1710364845.2081234,0.8473130729463365
1710364845.2082574,1.0175649987326727
1710364845.2083912,1.125461260477702
1710364845.208525,1.1615435282389324
1710364845.2086587,1.1247607072194417
1710364845.2087924,1.0144121779335868
1710364845.2089264,0.8413577742046779
1710364845.2090602,0.6150558259752061
1710364845.209194,0.3498692313830058
1710364845.2093277,0.06016071471903059
1710364845.2094617,-0.23545703954166836
1710364845.2095954,-0.5167030294736227
1710364845.2097292,-0.7702797651290894
1710364845.209863,-0.980776415930854
1710364845.2099967,-1.135934591293335
1710364845.2101307,-1.225947274102105
1710364845.2102644,-1.2438097265031602
1710364845.2103982,-1.1863696575164795
1710364845.210532,-1.0571296347512138
1710364845.210666,-0.8648456467522515
1710364845.2107997,-0.6214259730445014
1710364845.2109334,-0.34088051981396145
1710364845.2110672,-0.038269638187355466
1710364845.211201,0.26649483376079136
1710364845.211335,0.5519995755619472
1710364845.2114687,0.8014221323861016
1710364845.2116024,1.0007499986224704
1710364845.2117362,1.1359706189897325
1710364845.21187,1.1986766921149359
1710364845.212004,1.1818615595499675
1710364845.2121377,1.087977819972568
1710364845.2122715,0.9219296773274739
1710364845.2124052,0.6966786914401584
1710364845.2125392,0.4251864221360948
1710364845.212673,0.12321698168913522
1710364845.2128067,-0.1902755598227183
1710364845.2129405,-0.4911352197329203
1710364845.2130742,-0.7632748285929362
1710364845.2132082,-0.989882747332255
1710364845.213342,-1.155898438559638
1710364845.2134757,-1.2504643864101834
1710364845.2136095,-1.2623725997077093
1710364845.2137434,-1.1919735537634955
1710364845.2138772,-1.0431198279062908
1710364845.214011,-0.826318793826633
1710364845.2141447,-0.5562806129455566
1710364845.2142785,-0.25016730030377704
1710364845.2144125,0.07382290230857001
1710364845.2145462,0.39400862322913277
1710364845.21468,0.6875705718994141
1710364845.2148137,0.93769371509552
1710364845.2149475,1.1310663488176134
1710364845.2150815,1.2540259626176622
1710364845.2152152,1.2960635291205511
1710364845.215349,1.2582298119862874
1710364845.2154827,1.1391234397888184
1710364845.2156167,0.9499546554353502
1710364845.2157505,0.7026339901818169
1710364845.2158842,0.41397644413842094
1710364845.216018,0.10149759550889333
1710364845.2161517,-0.21619362963570488
1710364845.2162857,-0.5146015683809916
1710364845.2164195,-0.7758836613761054
1710364845.2165532,-0.987781286239624
1710364845.216687,-1.133482853571574
1710364845.216821,-1.2066838476392958
1710364845.2169547,-1.2010799513922796
1710364845.2170885,-1.1173715856340196
1710364845.2172222,-0.9625637531280518
1710364845.217356,-0.748914877573649
1710364845.21749,-0.4907849762174818
1710364845.2176237,-0.2035848299662272
1710364845.2177575,0.09659322599569956
1710364845.2178912,0.3870023621453179
1710364845.218025,0.6514883703655666
1710364845.218159,0.8742871549394395
1710364845.2182927,1.0424372222688463
1710364845.2184265,1.1468303203582764
1710364845.2185602,1.1776578426361084
1710364845.2186942,1.133518483903673
1710364845.218828,1.0154631402757432
1710364845.2189617,0.8347018559773762
1710364845.2190955,0.6017439895206027
1710364845.2192292,0.33025172021653915
1710364845.2193632,0.03563883403937022
1710364845.219497,-0.26207559638553196
1710364845.2196307,-0.5436718132760789
1710364845.2197645,-0.7947968112097846
1710364845.2198985,-1.0035422775480483
1710364845.2200322,-1.154497464497884
1710364845.220166,-1.2396068043178983
1710364845.2202997,-1.2539667553371854
1710364845.2204335,-1.1937248706817627
1710364845.2205675,-1.064134505059984
1710364845.2207012,-0.8736017015245225
1710364845.220835,-0.6350855032602946
1710364845.2209687,-0.3604941897922092
1710364845.2211027,-0.06733989550007714
1710364845.2212365,0.22831075721316868
1710364845.2213702,0.5050577057732476
1710364845.221504,0.7457224527994791
1710364845.2216377,0.9369930956098769
1710364845.2217717,1.0666087600919936
1710364845.2219055,1.1244103643629286
1710364845.2220392,1.1061941252814398
1710364845.222173,1.0112594233618841
1710364845.2223067,0.8480136924319797
1710364845.2224407,0.62556525071462
1710364845.2225745,0.35862704118092853
1710364845.2227082,0.06156196196873982
1710364845.222842,-0.24631460507710773
1710364845.222976,-0.542270839214325
1710364845.2231097,-0.8119587765799628
1710364845.2232435,-1.0371657212575276
1710364845.2233772,-1.2049326631757948
1710364845.223511,-1.299848821428087
1710364845.223645,-1.317010720570882
1710364845.2237787,-1.2515150176154242
1710364845.2239125,-1.1079150438308716
1710364845.2240462,-0.8953168657090929
1710364845.2241802,-0.6284309095806545
1710364845.224314,-0.3237185544437832
1710364845.2244477,0.0020088237296375963
1710364845.2245815,0.325697660446167
1710364845.2247152,0.6248646312289767
1710364845.2248492,0.8826946549945407
1710364845.224983,1.083774103058709
1710364845.2251167,1.2161922454833984
1710364845.2252505,1.2687391704983182
1710364845.2253842,1.2386122014787462
1710364845.2255182,1.125811603334215
1710364845.225652,0.9425981177224053
1710364845.2257857,0.6998315122392442
1710364845.2259195,0.41397644413842094
1710364845.2260535,0.10149759550889333
1710364845.2261872,-0.2172443601820204
1710364845.226321,-0.5184542470508151
1710364845.2264547,-0.7835890187157525
1710364845.2265885,-0.9982885917027791
1710364845.2267225,-1.148893568250868
1710364845.2268562,-1.22209456231859
1710364845.22699,-1.2168408764733207
1710364845.2271237,-1.1285793781280518
1710364845.2272577,-0.9695686234368218
1710364845.2273915,-0.747163626882765
1710364845.2275252,-0.4813283681869507
1710364845.227659,-0.18397115998797947
1710364845.2277927,0.1260194761885537
1710364845.2279267,0.4251864221360948
1710364845.2280605,0.6959780719545152
1710364845.2281942,0.9247321552700466
1710364845.228328,1.0963853200276692
1710364845.2284617,1.2004281414879692
1710364845.2285957,1.2305551105075412
1710364845.2287295,1.1825622452629936
1710364845.2288632,1.0610038042068481
1710364845.228997,0.8749877744250827
1710364845.229131,0.6367752287122939
1710364845.2292647,0.3607288996378581
1710364845.2293985,0.0629632133576605
1710364845.2295322,-0.23755851719114515
1710364845.229666,-0.5191547340816921
1710364845.2298,-0.7692290014690822
1710364845.2299337,-0.9723705715603298
1710364845.2300675,-1.1177217960357666
1710364845.2302012,-1.1961764759487576
1710364845.2303352,-1.2028311358557806
1710364845.230469,-1.136284801695082
1710364845.2306027,-1.0014408164554172
1710364845.2307365,-0.8081060647964478
1710364845.2308702,-0.5685391690995958
1710364845.2310042,-0.2971000141567654
1710364845.231138,-0.0070979151253898936
1710364845.2312717,0.2819085783428616
1710364845.2314055,0.5502480268478394
1710364845.2315395,0.783556236161126
1710364845.2316732,0.9667697217729356
1710364845.231807,1.0897294018003676
1710364845.2319407,1.1426266034444172
1710364845.2320745,1.1209072007073295
1710364845.2322085,1.0249216026730008
1710364845.2323422,0.8630771769417657
1710364845.232476,0.6444821092817519
1710364845.2326097,0.38244830237494576
1710364845.2327435,0.09238946768972608
1710364845.2328775,-0.20743752519289652
1710364845.2330112,-0.49638887246449787
1710364845.233145,-0.7594221830368042
1710364845.2332788,-0.9793754418690999
1710364845.2334127,-1.1436398824055989
1710364845.2335465,-1.2399570147196453
1710364845.2336802,-1.2602712048424614
1710364845.233814,-1.2017803721957736
1710364845.2339478,-1.065535479121738
1710364845.2340817,-0.8637948830922444
1710364845.2342155,-0.6063655349943373
1710364845.2343493,-0.310759511258867
1710364845.234483,0.006913200227750672
1710364845.234617,0.32429642147488064
1710364845.2347507,0.6206608480877346
1710364845.2348845,0.8777903185950385
1710364845.2350183,1.08027093940311
1710364845.235152,1.2151413493686252
1710364845.235286,1.272942887412177
1710364845.2354198,1.24877134958903
1710364845.2355535,1.1433272891574435
1710364845.2356873,0.9657187594307793
1710364845.235821,0.7268055942323473
1710364845.235955,0.4434026943312751
1710364845.2360888,0.13232510950830248
1710364845.2362225,-0.18922482927640277
1710364845.2363563,-0.49323668082555133
1710364845.2364902,-0.7650260792838203
1710364845.236624,-0.987431075837877
1710364845.2367578,-1.1446906460656059
1710364845.2368915,-1.2266476949055989
1710364845.2370253,-1.2269980377621121
1710364845.2371593,-1.1443404356638591
1710364845.237293,-0.986030101776123
1710364845.2374268,-0.7639753156238132
1710364845.2375605,-0.49288643731011283
1710364845.2376945,-0.18922482927640277
1710364845.2378283,0.12672010395261976
1710364845.237962,0.4342945416768392
1710364845.2380958,0.7145446538925171
1710364845.2382295,0.9506553411483765
1710364845.2383635,1.1279135280185275
1710364845.2384973,1.2358097235361736
1710364845.238631,1.2676881419287787
1710364845.2387648,1.2203959623972576
1710364845.2388985,1.094984081056383
1710364845.2390325,0.9044140577316284
1710364845.2391663,0.6591952509350246
1710364845.2393,0.3754420412911309
1710364845.2394338,0.06996946202384101
1710364845.2395678,-0.23825900422202215
1710364845.2397015,-0.5265098479059007
1710364845.2398353,-0.7800865835613674
1710364845.239969,-0.98638031217787
1710364845.2401028,-1.1306809054480658
1710364845.2402368,-1.2063336372375488
1710364845.2403705,-1.2073842684427898
1710364845.2405043,-1.134533617231581
1710364845.240638,-0.9944359461466471
1710364845.240772,-0.7958475748697916
1710364845.2409058,-0.5524279342757331
1710364845.2410395,-0.2785370747248332
1710364845.2411733,0.011116951290104125
1710364845.241307,0.2973223394817776
1710364845.241441,0.5600567658742269
1710364845.2415748,0.7860083712471856
1710364845.2417085,0.9622156620025635
1710364845.2418423,1.0757168796327379
1710364845.2419763,1.1195059617360432
1710364845.24211,1.0893791251712375
1710364845.2422438,0.9853362374835544
1710364845.2423775,0.8171862363815308
1710364845.2425113,0.5940371089511447
1710364845.2426453,0.33025172021653915
1710364845.242779,0.03914195630285475
1710364845.2429128,-0.2592736482620239
1710364845.2430465,-0.5457732743687099
1710364845.2431803,-0.8060046037038167
1710364845.2433143,-1.0242066780726116
1710364845.243448,-1.1867198679182265
1710364845.2435818,-1.2826867898305256
1710364845.2437155,-1.304401954015096
1710364845.2438495,-1.2487130694919162
1710364845.2439833,-1.1194731129540336
1710364845.244117,-0.9226359261406792
1710364845.2442508,-0.6739626328150431
1710364845.2443845,-0.38676248656378853
1710364845.2445185,-0.07574574814902411
1710364845.2446523,0.23706856701109144
1710364845.244786,0.5302802059385512
1710364845.2449198,0.7856580946180556
1710364845.2450538,0.9888394011391534
1710364845.2451875,1.1265122890472412
1710364845.2453213,1.188167201148139
1710364845.245455,1.1696006192101371
1710364845.2455888,1.0704622003767226
1710364845.2457228,0.8998599979612563
1710364845.2458565,0.6679530276192559
1710364845.2459903,0.39015518294440377
1710364845.246124,0.08293103012773725
1710364845.2462578,-0.23370582196447584
1710364845.2463918,-0.5366669429673089
1710364845.2465255,-0.8084563414255778
1710364845.2466593,-1.0319120354122586
1710364845.246793,-1.1916233433617485
1710364845.246927,-1.2770828935835097
1710364845.2470608,-1.2798848417070177
1710364845.2471945,-1.1989784240722656
1710364845.2473283,-1.0403178797827826
1710364845.247462,-0.8154612117343478
1710364845.247596,-0.5394688910908169
1710364845.2477298,-0.2302033868100908
1710364845.2478635,0.09554228848881191
1710364845.2479973,0.41187455256779987
1710364845.2481313,0.7012327512105306
1710364845.248265,0.9457509385214912
1710364845.2483988,1.1321172449323866
1710364845.2485325,1.2470197677612305
1710364845.2486663,1.283452245924208
1710364845.2488003,1.2386122014787462
1710364845.248934,1.1156525876786973
1710364845.2490678,0.9243818786409166
1710364845.2492015,0.6777618328730265
1710364845.2493353,0.39050549268722534
1710364845.2494693,0.08152978287802802
1710364845.249603,-0.2309038738409678
1710364845.2497368,-0.5212561951743232
1710364845.2498705,-0.7779851224687364
1710364845.2500045,-0.982177389992608
1710364845.2501383,-1.1243764559427898
1710364845.250272,-1.1951258447435167
1710364845.2504058,-1.1909227901034884
1710364845.2505395,-1.1096662282943726
1710364845.2506735,-0.9604622920354207
1710364845.2508073,-0.7534680101606581
1710364845.250941,-0.502693255742391
1710364845.2510748,-0.22249801291359794
1710364845.2512088,0.07137071755197313
1710364845.2513425,0.3568754924668206
1710364845.2514763,0.6196098857455783
1710364845.25161,0.8413577742046779
1710364845.2517438,1.0133612818188138
1710364845.2518778,1.1205568578508165
1710364845.2520115,1.15698946846856
1710364845.2521453,1.1195059617360432
1710364845.252279,1.010909080505371
1710364845.252413,0.8375043339199489
1710364845.2525468,0.6119030714035034
1710364845.2526805,0.3470667203267415
1710364845.2528143,0.057708525823222265
1710364845.252948,-0.23755851719114515
1710364845.253082,-0.5184542470508151
1710364845.2532158,-0.7720309495925903
1710364845.2533495,-0.982177389992608
1710364845.2534833,-1.138035986158583
1710364845.253617,-1.2287492222256131
1710364845.253751,-1.2462614642249212
1710364845.2538848,-1.1895218160417345
1710364845.2540185,-1.0606320699055989
1710364845.2541523,-0.8700992663701375
1710364845.2542863,-0.6273801459206475
1710364845.25442,-0.34823563363817
1710364845.2545538,-0.045975007944636874
1710364845.2546875,0.25878795319133335
1710364845.2548213,0.5435920755068461
1710364845.2549553,0.7933649751875136
1710364845.255089,0.9923424985673692
1710364845.2552228,1.1289644241333008
1710364845.2553566,1.1920207076602511
1710364845.2554905,1.1773074997795951
1710364845.2556243,1.083774103058709
1710364845.255758,0.9198278188705444
1710364845.2558918,0.6956277290980021
1710364845.2560256,0.4255367318789164
1710364845.2561595,0.1253188567029105
1710364845.2562933,-0.18642288115289476
1710364845.256427,-0.48658205403221977
1710364845.2565608,-0.7573207219441731
1710364845.2566946,-0.9835783640543619
1710364845.2568285,-1.149944331910875
1710364845.2569623,-1.2424087524414062
1710364845.257096,-1.2553677293989394
1710364845.2572298,-1.1856692367129855
1710364845.2573638,-1.0364652342266507
1710364845.2574975,-0.8196641339196099
1710364845.2576313,-0.549625986152225
1710364845.257765,-0.24386290046903822
1710364845.2578988,0.0801285273498959
1710364845.2580328,0.40031423171361286
1710364845.2581666,0.6942264901267158
1710364845.2583003,0.9446999761793349
1710364845.258434,1.1373718579610188
1710364845.258568,1.260681947072347
1710364845.2587018,1.3037704096900091
1710364845.2588356,1.264885663986206
1710364845.2589693,1.1461297671000164
1710364845.259103,0.9562602970335219
1710364845.259237,0.7089396317799886
1710364845.2593708,0.4202820526229011
1710364845.2595046,0.10675229132175446
1710364845.2596383,-0.21093996034728155
1710364845.2597723,-0.5093479156494141
1710364845.259906,-0.7720309495925903
1710364845.2600398,-0.983228153652615
1710364845.2601736,-1.1306809054480658
1710364845.2603073,-1.2038818995157878
1710364845.2604413,-1.1979277928670247
1710364845.260575,-1.1142194271087646
1710364845.2607088,-0.9590612517462836
1710364845.2608426,-0.745062165790134
1710364845.2609763,-0.4855313234859043
1710364845.2611103,-0.19763069020377264
1710364845.261244,0.10324916077984704
1710364845.2613778,0.39365831348631114
1710364845.2615116,0.6584946314493815
1710364845.2616456,0.8816437588797675
1710364845.2617793,1.0501441028383043
1710364845.261913,1.1538366476694744
1710364845.2620468,1.1846641699473064
1710364845.2621806,1.1391234397888184
1710364845.2623146,1.0210681623882718
1710364845.2624483,0.8385552962621052
1710364845.262582,0.6041961908340454
1710364845.2627158,0.3320032689306471
1710364845.2628498,0.03668977154625787
1710364845.2629836,-0.26137510935465497
1710364845.2631173,-0.5436718132760789
1710364845.263251,-0.7947968112097846
1710364845.2633848,-1.0028417905171711
1710364845.2635188,-1.15309649043613
1710364845.2636526,-1.237505276997884
1710364845.2637863,-1.2497638331519232
1710364845.26392,-1.1891716056399875
1710364845.2640538,-1.0588808192147148
1710364845.2641878,-0.8669471078448825
1710364845.2643216,-0.6277304225497775
1710364845.2644553,-0.3531390428543091
1710364845.264589,-0.05823354754183027
1710364845.264723,0.23706856701109144
1710364845.2648568,0.5127645863427056
1710364845.2649906,0.753078990512424
1710364845.2651243,0.9443496995502048
1710364845.265258,1.0729144016901653
1710364845.265392,1.129665109846327
1710364845.2655258,1.1096972227096558
1710364845.2656596,1.014061901304457
1710364845.2657933,0.8501156171162922
1710364845.2659273,0.6266161468293932
1710364845.266061,0.3589773509237501
1710364845.2661948,0.06191227585077286
1710364845.2663286,-0.24526387453079224
1710364845.2664623,-0.5412201086680094
1710364845.2665963,-0.8105578025182087
1710364845.26673,-1.0357647471957736
1710364845.2668638,-1.2024809254540336
1710364845.2669976,-1.29879805776808
1710364845.2671313,-1.315609746509128
1710364845.2672653,-1.2511648072136772
1710364845.267399,-1.1079150438308716
1710364845.2675328,-0.8974183268017238
1710364845.2676666,-0.6322835551367866
1710364845.2678006,-0.32827172014448375
1710364845.2679343,-0.004295962345268991
1710364845.268068,0.3172901603910658
1710364845.2682018,0.6154061688317193
1710364845.2683356,0.8725356393390231
1710364845.2684696,1.0718634393480089
1710364845.2686033,1.202530066172282
1710364845.268737,1.2550769911872015
1710364845.2688708,1.2235487831963432
1710364845.2690048,1.1121494240230985
1710364845.2691386,0.9289359384112887
1710364845.2692723,0.6865196095572578
1710364845.269406,0.40066454145643443
1710364845.2695398,0.08888634542624156
1710364845.2696738,-0.2295028997792138
1710364845.2698076,-0.5293118291431003
1710364845.2699413,-0.7933958371480305
1710364845.270075,-1.0073949893315632
1710364845.270209,-1.1565989918178983
1710364845.2703428,-1.230150196287367
1710364845.2704766,-1.223145325978597
1710364845.2706103,-1.135934591293335
1710364845.270744,-0.9748222430547078
1710364845.270878,-0.7541684971915351
1710364845.2710118,-0.48693229754765827
1710364845.2711456,-0.1899253163072798
1710364845.2712793,0.11901323166158465
1710364845.271413,0.4185305039087931
1710364845.271547,0.6893221537272135
1710364845.2716808,0.9177259604136149
1710364845.2718146,1.0886785056855943
1710364845.2719483,1.1934219466315374
1710364845.2720823,1.2235487831963432
1710364845.272216,1.1759062608083088
1710364845.2723498,1.0539975431230333
1710364845.2724836,0.8686821990542941
1710364845.2726173,0.6311702065997653
1710364845.2727513,0.3551239106390211
1710364845.272885,0.057708525823222265
1710364845.2730188,-0.2417614393764072
1710364845.2731526,-0.5230074127515157
1710364845.2732866,-0.7716807391908433
1710364845.2734203,-0.9737715456220839
1710364845.273554,-1.1191227700975206
1710364845.2736878,-1.1975774500105116
1710364845.2738216,-1.2028311358557806
1710364845.2739556,-1.135934591293335
1710364845.2740893,-1.0000398423936632
1710364845.274223,-0.8063548803329468
1710364845.2743568,-0.5660874313778347
1710364845.2744906,-0.2956990400950114
1710364845.2746246,-0.005346694443788793
1710364845.2747583,0.2829595075713264
1710364845.274892,0.5509486463334825
1710364845.2750258,0.7832058933046129
1710364845.2751598,0.9664193789164225
1710364845.2752936,1.0893791251712375
1710364845.2754273,1.1398241255018446
1710364845.275561,1.117404169506497
1710364845.2756948,1.0200172000461154
1710364845.2758288,0.8574721548292372
1710364845.2759626,0.6381764676835802
1710364845.2760963,0.37474142180548775
1710364845.27623,0.0839819676346249
1710364845.276364,-0.2168941166665819
1710364845.2764978,-0.5061957240104675
1710364845.2766316,-0.7688787248399522
1710364845.2767653,-0.990583234363132
1710364845.276899,-1.1551980177561443
1710364845.277033,-1.2511648072136772
1710364845.2771668,-1.2725297609965007
1710364845.2773006,-1.2133385075463188
1710364845.2774343,-1.077794035275777
1710364845.277568,-0.8750026755862765
1710364845.277702,-0.6179235378901163
1710364845.2778358,-0.32231758038202923
1710364845.2779696,-0.003595474279589123
1710364845.2781034,0.31448764933480156
1710364845.2782373,0.6108521090613471
1710364845.278371,0.8690324756834242
1710364845.2785048,1.0725641250610352
1710364845.2786386,1.2088357077704535
1710364845.2787724,1.268038484785292
1710364845.2789063,1.2456185287899442
1710364845.27904,1.141575707329644
1710364845.2791739,0.9653684165742662
1710364845.2793076,0.7285571098327637
1710364845.2794416,0.4458548625310262
1710364845.2795753,0.13547792202896541
1710364845.279709,-0.18362091647254095
1710364845.2798429,-0.48728254106309676
1710364845.2799766,-0.7580212089750502
1710364845.2801106,-0.9790251652399699
1710364845.2802444,-1.136284801695082
1710364845.280378,-1.217891640133328
1710364845.2805119,-1.218592193391588
1710364845.2806458,-1.136284801695082
1710364845.2807796,-0.9776241911782159
1710364845.2809134,-0.7559197478824191
1710364845.281047,-0.4848308033413357
1710364845.2811809,-0.18292042944166395
1710364845.2813148,0.13337604701519012
1710364845.2814486,0.4398995637893677
1710364845.2815824,0.7197993331485324
1710364845.281716,0.9548590580622355
1710364845.2818499,1.1321172449323866
1710364845.2819839,1.2403637833065457
1710364845.2821176,1.2704907523261175
1710364845.2822514,1.2228482299380832
1710364845.282385,1.0984872447119818
1710364845.282519,0.9072165356742011
1710364845.2826529,0.6616474522484673
1710364845.2827866,0.37894517183303833
1710364845.2829204,0.07277196480168237
1710364845.283054,-0.23545703954166836
1710364845.283188,-0.5226571692360772
1710364845.2833219,-0.7762338717778523
1710364845.2834556,-0.981827179590861
1710364845.2835894,-1.1264779832628038
1710364845.2837234,-1.2007297409905326
1710364845.283857,-1.2024809254540336
1710364845.2839909,-1.1292799313863118
1710364845.2841246,-0.988131562868754
1710364845.2842584,-0.7895431253645155
1710364845.2843924,-0.5457732743687099
1710364845.284526,-0.27153218785921734
1710364845.2846599,0.017072265553805564
1710364845.2847936,0.30257701873779297
1710364845.2849274,0.5656617879867554
1710364845.2850614,0.7905624310175577
1710364845.285195,0.9660690360599093
1710364845.2853289,1.07992066277398
1710364845.2854626,1.122658782535129
1710364845.2855966,1.0921816031138103
1710364845.2857304,0.9888394011391534
1710364845.285864,0.8203390571806166
1710364845.2859979,0.5975402063793606
1710364845.2861316,0.3337548507584466
1710364845.2862656,0.04299539658758375
1710364845.2863994,-0.2550707095199161
1710364845.286533,-0.5412201086680094
1710364845.2866669,-0.7993500100241767
1710364845.2868009,-1.0168515311347113
1710364845.2869346,-1.1783140235477023
1710364845.2870684,-1.2746311558617485
1710364845.2872021,-1.2956457667880588
1710364845.2873359,-1.2399570147196453
1710364845.2874699,-1.1096662282943726
1710364845.2876036,-0.914930502573649
1710364845.2877374,-0.665906998846266
1710364845.2878711,-0.37870685259501136
1710364845.2880049,-0.06944135659270816
1710364845.2881389,0.24162262678146362
1710364845.2882726,0.5337833364804586
1710364845.2884064,0.787409676445855
1710364845.2885401,0.9895400206247965
1710364845.288674,1.125811603334215
1710364845.2888079,1.187466647889879
1710364845.2889416,1.1678491698371039
1710364845.2890754,1.0680099990632799
1710364845.2892091,0.8967071771621704
1710364845.289343,0.66444993019104
1710364845.2894769,0.38665205240249634
1710364845.2896106,0.07872728010018666
1710364845.2897444,-0.23825900422202215
1710364845.2898784,-0.540869865152571
1710364845.2900121,-0.8119587765799628
1710364845.2901459,-1.0368154446283977
1710364845.2902796,-1.1972272396087646
1710364845.2904134,-1.2826867898305256
1710364845.2905474,-1.2872399224175346
1710364845.2906811,-1.2066838476392958
1710364845.2908149,-1.0490740007824368
1710364845.2909486,-0.825268030166626
1710364845.2910826,-0.5499762296676636
1710364845.2912164,-0.2417614393764072
1710364845.2913501,0.08293103012773725
1710364845.2914839,0.3999639219707913
1710364845.2916176,0.6886214680141872
1710364845.2917516,0.933840341038174
1710364845.2918854,1.1195059617360432
1710364845.2920191,1.2354595131344266
1710364845.292153,1.272242334153917
1710364845.2922866,1.2281028429667156
1710364845.2924206,1.1054935057957966
1710364845.2925544,0.9149234162436591
1710364845.2926881,0.668653647104899
1710364845.292822,0.38209799263212413
1710364845.2929559,0.07347259256574842
1710364845.2930896,-0.23825900422202215
1710364845.2932234,-0.5286113421122233
1710364845.2933571,-0.7828885316848755
1710364845.293491,-0.989182260301378
1710364845.2936249,-1.1310311158498128
1710364845.2937586,-1.2014301617940266
1710364845.2938924,-1.1958262655470107
1710364845.2940261,-1.1149198479122586
1710364845.2941601,-0.9643149375915527
1710364845.2942939,-0.7580212089750502
1710364845.2944276,-0.5061957240104675
1710364845.2945614,-0.22529996103710598
1710364845.2946951,0.06751727726724413
1710364845.2948291,0.35442329115337795
1710364845.294963,0.6164571311738756
1710364845.2950966,0.8392559157477485
1710364845.2952304,1.0098581181632147
1710364845.2953641,1.1170538266499836
1710364845.2954981,1.153486304812961
1710364845.295632,1.1160027980804443
1710364845.2957656,1.007055640220642
1710364845.2958994,0.8343515131208632
1710364845.2960334,0.6083999077479044
1710364845.2961671,0.3432132800420125
1710364845.296301,0.05350477579567167
1710364845.2964346,-0.24106095234553018
1710364845.2965684,-0.5223069257206386
1710364845.2967024,-0.7751831743452284
1710364845.2968361,-0.986030101776123
1710364845.29697,-1.141188144683838
1710364845.2971036,-1.231551170349121
1710364845.2972376,-1.2494136227501762
1710364845.2973714,-1.1930243174235027
1710364845.2975051,-1.064834992090861
1710364845.297639,-0.8732514911227756
1710364845.2977726,-0.6326338317659166
1710364845.2979066,-0.3527887993388706
1710364845.2980404,-0.05122866895463731
1710364845.2981741,0.25318294763565063
1710364845.298308,0.5390380157364739
1710364845.2984416,0.7884605725606282
1710364845.2985756,0.987438162167867
1710364845.2987094,1.1237096786499023
1710364845.2988431,1.187116305033366
1710364845.298977,1.172403229607476
1710364845.299111,1.0795703199174669
1710364845.2992446,0.9156240357293023
1710364845.2993784,0.6924749082989162
1710364845.2995121,0.422033601337009
1710364845.299646,0.12111510667535993
1710364845.29978,-0.19097604685359532
1710364845.2999136,-0.4897342456711663
1710364845.3000474,-0.7611733675003052
1710364845.3001812,-0.987781286239624
1710364845.3003151,-1.154497464497884
1710364845.300449,-1.2476624382866752
1710364845.3005826,-1.2602712048424614
1710364845.3007164,-1.1895218160417345
1710364845.3008502,-1.0406681564119127
1710364845.3009841,-0.823516845703125
1710364845.301118,-0.5534786648220485
1710364845.3012516,-0.24736533562342325
1710364845.3013854,0.07872728010018666
1710364845.3015194,0.3989129927423265
1710364845.3016531,0.6938762134975857
1710364845.301787,0.9457509385214912
1710364845.3019207,1.1405246787601047
1710364845.3020544,1.2638347678714328
1710364845.3021884,1.3079741266038682
1710364845.3023221,1.2697900666130912
1710364845.302456,1.1510341697269015
1710364845.3025897,0.9618653191460503
1710364845.3027234,0.714194311036004
1710364845.3028574,0.42483611239327324
1710364845.3029912,0.11060572332806057
1710364845.303125,-0.20883849925465053
1710364845.3032587,-0.5072464545567831
1710364845.3033926,-0.7713304625617133
1710364845.3035264,-0.9835783640543619
1710364845.3036602,-1.131731669108073
1710364845.303794,-1.2052828735775418
1710364845.3039277,-1.2000291877322726
1710364845.3040617,-1.1159706115722656
1710364845.3041954,-0.9601120154062907
1710364845.3043292,-0.7461128632227579
1710364845.304463,-0.4858815670013428
1710364845.304597,-0.19728044668833414
1710364845.3047307,0.10359947052266863
1710364845.3048644,0.3961104816860623
1710364845.3049982,0.6616474522484673
1710364845.305132,0.8865480952792697
1710364845.305266,1.0553987820943196
1710364845.3053997,1.1597919464111328
1710364845.3055334,1.1916703648037381
1710364845.3056672,1.1461297671000164
1710364845.305801,1.0284247001012166
1710364845.305935,0.8462621768315632
1710364845.3060687,0.6126036908891466
1710364845.3062024,0.34076111184226143
1710364845.3063362,0.04544758548339208
1710364845.3064702,-0.2526190049118466
1710364845.306604,-0.5345654818746779
1710364845.3067377,-0.7867411772410074
1710364845.3068714,-0.9940856695175171
1710364845.3070052,-1.1446906460656059
1710364845.3071392,-1.230150196287367
1710364845.307273,-1.2427589628431532
1710364845.3074067,-1.1825169457329643
1710364845.3075404,-1.052226225535075
1710364845.3076744,-0.8616934219996134
1710364845.3078082,-0.6231772237353854
1710364845.307942,-0.34963660769992405
1710364845.3080757,-0.056132082309987806
1710364845.3082094,0.23882013228204516
1710364845.3083434,0.5138155155711703
1710364845.3084772,0.7541299528545803
1710364845.308611,0.9436490800645616
1710364845.3087447,1.0718634393480089
1710364845.3088784,1.129665109846327
1710364845.3090124,1.110397842195299
1710364845.3091462,1.0151127974192302
1710364845.30928,0.8511665132310655
1710364845.3094137,0.629768967628479
1710364845.3095477,0.3628307912084791
1710364845.3096814,0.06646633976035647
1710364845.3098152,-0.24001022179921466
1710364845.309949,-0.5359664559364319
1710364845.3100827,-0.8053041166729397
1710364845.3102167,-1.0301608509487576
1710364845.3103504,-1.1982780032687717
1710364845.3104842,-1.2945951355828178
1710364845.310618,-1.31210724512736
1710364845.310752,-1.2480126486884222
1710364845.3108857,-1.1058135165108574
1710364845.3110194,-0.8953168657090929
1710364845.3111532,-0.6319333447350396
1710364845.311287,-0.3293224506907993
1710364845.311421,-0.006397426542308595
1710364845.3115547,0.31518826882044476
1710364845.3116884,0.6129539675182766
1710364845.3118222,0.8693828185399373
1710364845.3119562,1.0694113042619493
1710364845.31209,1.1993772453731961
1710364845.3122237,1.2515738275316026
1710364845.3123574,1.2200457519955106
1710364845.3124912,1.1082959837383695
1710364845.3126252,0.9240315357844034
1710364845.312759,0.6812649303012424
1710364845.3128927,0.39435893297195435
1710364845.3130264,0.08117946485678355
1710364845.3131602,-0.23825900422202215
1710364845.3132942,-0.5387684040599399
1710364845.313428,-0.8042534192403157
1710364845.3135617,-1.0189529922273424
1710364845.3136954,-1.1692077583736844
1710364845.3138294,-1.2427589628431532
1710364845.3139632,-1.23610430293613
1710364845.314097,-1.1481930149926078
1710364845.3142307,-0.987080799208747
1710364845.3143644,-0.7646758026546902
1710364845.3144984,-0.49603862894905937
1710364845.3146322,-0.19833117723464966
1710364845.314766,0.11235728859901428
1710364845.3148997,0.4132757915390862
1710364845.3150337,0.6861693329281277
1710364845.3151674,0.9156240357293023
1710364845.3153012,1.0886785056855943
1710364845.315435,1.1930716037750244
1710364845.3155687,1.2231985727945964
1710364845.3157027,1.1759062608083088
1710364845.3158364,1.0539975431230333
1710364845.3159702,0.8672808938556247
1710364845.316104,0.6280174520280626
1710364845.3162377,0.3512704703542921
1710364845.3163717,0.053154461913638644
1710364845.3165054,-0.24736533562342325
1710364845.3166392,-0.5293118291431003
1710364845.316773,-0.7793860965304904
1710364845.316907,-0.981827179590861
1710364845.3170407,-1.1268281936645508
1710364845.3171744,-1.2038818995157878
1710364845.3173082,-1.2098360061645508
1710364845.317442,-1.142238908343845
1710364845.317576,-1.0063442256715562
1710364845.3177097,-0.8123090532090929
1710364845.3178434,-0.5720416042539809
1710364845.3179772,-0.29920147524939644
1710364845.3181112,-0.009899867905510796
1710364845.318245,0.27875575754377574
1710364845.3183787,0.5463945865631104
1710364845.3185124,0.7790021763907539
1710364845.3186462,0.9618653191460503
1710364845.3187802,1.0834237602021959
1710364845.318914,1.1349197228749592
1710364845.3190477,1.1114487383100722
1710364845.3191814,1.0144121779335868
1710364845.3193152,0.8511665132310655
1710364845.3194492,0.6322211689419216
1710364845.319583,0.3687860899501377
1710364845.3197167,0.0780266523361206
1710364845.3198504,-0.22249801291359794
1710364845.3199844,-0.512149863772922
1710364845.3201182,-0.7751831743452284
1710364845.320252,-0.9965374072392781
1710364845.3203857,-1.1622028880649142
1710364845.3205194,-1.2581696775224473
1710364845.3206534,-1.2798848417070177
1710364845.3207872,-1.221394141515096
1710364845.320921,-1.0861998796463013
1710364845.3210547,-0.8837587965859307
1710364845.3211887,-0.6277304225497775
1710364845.3213224,-0.3307234247525533
1710364845.3214562,-0.013402308233910136
1710364845.32159,0.306430459022522
1710364845.3217237,0.6034955713484023
1710364845.3218577,0.8616759379704793
1710364845.3219914,1.0666087600919936
1710364845.3221252,1.203580962287055
1710364845.322259,1.265236006842719
1710364845.322393,1.2442172898186576
1710364845.3225267,1.140875021616618
1710364845.3226604,0.9650181399451362
1710364845.3227942,0.7292577293184068
1710364845.322928,0.4476064443588257
1710364845.323062,0.13722947902149624
1710364845.3231957,-0.18151945537990993
1710364845.3233294,-0.4855313234859043
1710364845.3234632,-0.7559197478824191
1710364845.323597,-0.9779744678073459
1710364845.323731,-1.135234038035075
1710364845.3238647,-1.218592193391588
1710364845.3239985,-1.217891640133328
1710364845.3241322,-1.1355842484368217
1710364845.3242662,-0.9769237041473389
1710364845.3244,-0.7548689842224121
1710364845.3245337,-0.4848308033413357
1710364845.3246675,-0.18116921186447144
1710364845.3248012,0.13652885953585306
1710364845.3249352,0.4437530040740967
1710364845.325069,0.7229521539476182
1710364845.3252027,0.9590628412034776
1710364845.3253365,1.1370216475592718
1710364845.3254704,1.244567632675171
1710364845.3256042,1.2753950224982367
1710364845.325738,1.226701603995429
1710364845.3258717,1.1016400655110676
1710364845.3260055,0.9100190798441569
1710364845.3261395,0.6640995873345269
1710364845.3262732,0.37999610106150306
1710364845.326407,0.07382290230857001
1710364845.3265407,-0.23405606547991434
1710364845.3266745,-0.5226571692360772
1710364845.3268085,-0.7751831743452284
1710364845.3269422,-0.9793754418690999
1710364845.327076,-1.1240262455410428
1710364845.3272097,-1.1975774500105116
1710364845.3273437,-1.1975774500105116
1710364845.3274775,-1.1236760351392958
1710364845.3276112,-0.981126692559984
1710364845.327745,-0.7818377680248684
1710364845.3278787,-0.5366669429673089
1710364845.3280127,-0.26137510935465497
1710364845.3281465,0.02793195553951793
1710364845.3282802,0.3130864103635152
1710364845.328414,0.5761711464987861
1710364845.328548,0.8010718557569716
1710364845.3286817,0.9751772218280368
1710364845.3288155,1.087977819972568
1710364845.3289492,1.130015320248074
1710364845.329083,1.0984872447119818
1710364845.329217,0.9937437375386555
1710364845.3293507,0.8245427740944756
1710364845.3294845,0.6010433700349596
1710364845.3296182,0.33690767155753243
1710364845.329752,0.04579789936542511
1710364845.329886,-0.2526190049118466
1710364845.3300197,-0.5380679170290629
1710364845.3301535,-0.7965480619006686
1710364845.3302872,-1.0136993726094563
1710364845.3304212,-1.1751618650224473
1710364845.330555,-1.2700780232747395
1710364845.3306887,-1.2903922133975558
1710364845.3308225,-1.235053671730889
1710364845.3309562,-1.1047628190782335
1710364845.3310902,-0.909326606326633
1710364845.331224,-0.661003589630127
1710364845.3313577,-0.37310295634799534
1710364845.3314915,-0.06453794323735766
1710364845.3316255,0.24722763233714634
1710364845.3317592,0.5386877059936523
1710364845.331893,0.7926643557018703
1710364845.3320267,0.9954953193664551
1710364845.3321605,1.1328177981906467
1710364845.3322945,1.1934219466315374
1710364845.3324282,1.1752057075500488
1710364845.332562,1.0764175653457642
1710364845.3326957,0.9061656395594279
1710364845.3328297,0.6739083925882975
1710364845.3329635,0.3968111011717054
1710364845.3330972,0.08888634542624156
1710364845.333231,-0.22775168220202127
1710364845.3333647,-0.5303625596894158
1710364845.3334987,-0.8035529322094387
1710364845.3336325,-1.0287598768870037
1710364845.3337662,-1.1916233433617485
1710364845.3339,-1.2788340780470107
1710364845.3340337,-1.2840877638922796
1710364845.3341677,-1.2063336372375488
1710364845.3343015,-1.0497744878133137
1710364845.3344352,-0.8284202549192641
1710364845.334569,-0.5545293953683641
1710364845.334703,-0.24666484859254625
1710364845.3348367,0.07627509534358978
1710364845.3349705,0.39330797062979805
1710364845.3351042,0.6816152731577555
1710364845.335238,0.9268340799543593
1710364845.335372,1.1132003201378715
1710364845.3355057,1.2291538715362549
1710364845.3356395,1.2673379315270317
1710364845.3357732,1.2235487831963432
1710364845.3359072,1.1012897226545546
1710364845.336041,0.9110699759589301
1710364845.3361747,0.6658511691623263
1710364845.3363085,0.3803464108043247
1710364845.3364422,0.07172102729479472
1710364845.3365762,-0.23930973476833767
1710364845.33671,-0.5293118291431003
1710364845.3368437,-0.7839392291174995
1710364845.3369775,-0.989182260301378
1710364845.3371112,-1.1306809054480658
1710364845.3372452,-1.2014301617940266
1710364845.337379,-1.1951258447435167
1710364845.3375127,-1.1131686634487576
1710364845.3376465,-0.9632642401589288
1710364845.3377805,-0.7552192608515421
1710364845.3379142,-0.5030434992578294
1710364845.338048,-0.22319849994447497
1710364845.3381817,0.07067008978790706
1710364845.3383155,0.3572258022096422
1710364845.3384495,0.6192596091164483
1710364845.3385832,0.8420583936903212
1710364845.338717,1.0123103194766574
1710364845.3388507,1.1191556188795302
1710364845.3389847,1.1559384398990207
1710364845.3391185,1.118104722764757
1710364845.3392522,1.0088072220484416
1710364845.339386,0.8357527520921495
1710364845.3395197,0.6098011467191908
1710364845.3396537,0.34461451901329887
1710364845.3397875,0.054906023045380906
1710364845.3399212,-0.23930973476833767
1710364845.340055,-0.5205557081434462
1710364845.3401887,-0.7727314366234673
1710364845.3403227,-0.982877877023485
1710364845.3404565,-1.13838619656033
1710364845.3405902,-1.2280486689673529
1710364845.340724,-1.2469618850284152
1710364845.340858,-1.1898721588982475
1710364845.3409917,-1.0623832543690999
1710364845.3411255,-0.8711500300301446
1710364845.3412592,-0.6291313966115316
1710364845.341393,-0.34998685121536255
1710364845.341527,-0.049827690753671855
1710364845.3416607,0.2535332573784722
1710364845.3417945,0.5376367767651876
1710364845.3419282,0.7867089907328287
1710364845.3420622,0.9846356179979112
1710364845.342196,1.1205568578508165
1710364845.3423297,1.1829125881195068
1710364845.3424635,1.1678491698371039
1710364845.3425972,1.0739653640323215
1710364845.3427312,0.9103693564732869
1710364845.342865,0.6868699524137709
1710364845.3429987,0.4174795415666368
1710364845.3431325,0.11761197613345252
1710364845.3432665,-0.19412823849254185
1710364845.3434002,-0.49253619379467434
1710364845.343534,-0.7632748285929362
1710364845.3436677,-0.989182260301378
1710364845.3438015,-1.15379704369439
1710364845.3439355,-1.2462614642249212
1710364845.3440692,-1.2585200203789604
1710364845.344203,-1.1877706315782335
1710364845.3443367,-1.0382164186901517
1710364845.3444705,-0.8200144105487399
1710364845.3446045,-0.5492757426367866
1710364845.3447382,-0.2417614393764072
1710364845.344872,0.08433228565586938
1710364845.3450058,0.40521860122680664
1710364845.3451397,0.7001817888683742
1710364845.3452735,0.9538080957200792
1710364845.3454072,1.1482315593295627
1710364845.345541,1.2732932302686903
1710364845.3456748,1.3184834851158989
1710364845.3458087,1.280649767981635
1710364845.3459425,1.160842842525906
1710364845.3460763,0.9734256400002373
1710364845.34621,0.7264552513758341
1710364845.346344,0.4381479819615682
1710364845.3464777,0.1253188567029105
1710364845.3466115,-0.19342775146166483
1710364845.3467453,-0.49323668082555133
1710364845.346879,-0.7562699582841661
1710364845.347013,-0.9685178597768147
1710364845.3471467,-1.1163208219740126
1710364845.3472805,-1.1895218160417345
1710364845.3474143,-1.1846184730529785
1710364845.347548,-1.0998594098620944
1710364845.347682,-0.9457519981596205
1710364845.3478158,-0.7314026355743408
1710364845.3479495,-0.47362301084730357
1710364845.3480833,-0.18432142006026372
1710364845.3482172,0.11726166639063093
1710364845.348351,0.40837142202589244
1710364845.3484848,0.672156810760498
1710364845.3486185,0.8946053187052408
1710364845.3487523,1.0627553198072646
1710364845.3488863,1.1660975880093045
1710364845.34902,1.195874081717597
1710364845.3491538,1.1503334840138753
1710364845.3492875,1.0315775209003024
1710364845.3494215,0.8487143781450059
1710364845.3495553,0.614355206489563
1710364845.349689,0.3421623508135478
1710364845.3498228,0.047199146615134344
1710364845.3499565,-0.2512180308500926
1710364845.3500905,-0.5328142642974854
1710364845.3502243,-0.7839392291174995
1710364845.350358,-0.9909335109922621
1710364845.3504918,-1.140137513478597
1710364845.3506258,-1.224546300040351
1710364845.3507595,-1.237155066596137
1710364845.3508933,-1.1762126286824544
1710364845.351027,-1.0455715656280518
1710364845.3511608,-0.8550388283199734
1710364845.3512948,-0.6168728404574924
1710364845.3514285,-0.344032711452908
1710364845.3515623,-0.05122866895463731
1710364845.351696,0.24302388230959573
1710364845.3518298,0.5176689558558993
1710364845.3519638,0.7551809151967366
1710364845.3520975,0.9457509385214912
1710364845.3522313,1.0725641250610352
1710364845.352365,1.1289644241333008
1710364845.352499,1.1096972227096558
1710364845.3526328,1.0147625207901
1710364845.3527665,0.8501156171162922
1710364845.3529003,0.6290683481428359
1710364845.353034,0.36248048146565753
1710364845.353168,0.06576571613550186
1710364845.3533018,-0.23965997828377616
1710364845.3534355,-0.5342152383592393
1710364845.3535693,-0.8021519581476847
1710364845.3537033,-1.0270086261961195
1710364845.353837,-1.1937248706817627
1710364845.3539708,-1.2893414497375488
1710364845.3541045,-1.3068536917368572
1710364845.3542383,-1.2427589628431532
1710364845.3543723,-1.1012603839238484
1710364845.354506,-0.8911139435238308
1710364845.3546398,-0.6259791718588935
1710364845.3547735,-0.3247692849900987
1710364845.3549073,-0.0018442538566887379
1710364845.3550413,0.31939201884799534
1710364845.355175,0.6154061688317193
1710364845.3553088,0.8714846769968668
1710364845.3554425,1.0704622003767226
1710364845.3555765,1.2011288272009955
1710364845.3557103,1.2512234846750896
1710364845.355844,1.2200457519955106
1710364845.3559778,1.1075953642527263
1710364845.3561115,0.9236812591552734
1710364845.3562455,0.6802139679590861
1710364845.3563793,0.3929576608869764
1710364845.356513,0.0801285273498959
1710364845.3566468,-0.23895949125289917
1710364845.3567808,-0.5405196216371324
1710364845.3569145,-0.8063548803329468
1710364845.3570483,-1.0214047299491034
1710364845.357182,-1.1713091532389324
1710364845.3573158,-1.2455609109666612
1710364845.3574498,-1.2399570147196453
1710364845.3575835,-1.152045726776123
1710364845.3577173,-0.9916339980231391
1710364845.357851,-0.7699294884999592
1710364845.3579848,-0.5009420381651984
1710364845.3581188,-0.2028843429353502
1710364845.3582525,0.1078032288286421
1710364845.3583863,0.4076708025402493
1710364845.35852,0.6802139679590861
1710364845.358654,0.9100190798441569
1710364845.3587878,1.0827231407165527
1710364845.3589215,1.187816990746392
1710364845.3590553,1.218294170167711
1710364845.359189,1.1706516477796767
1710364845.359323,1.0497937599817913
1710364845.3594568,0.8630771769417657
1710364845.3595905,0.6245142883724636
1710364845.3597243,0.3481176495552063
1710364845.3598583,0.0500016493929757
1710364845.359992,-0.24981705678833854
1710364845.3601258,-0.5324640207820468
1710364845.3602595,-0.7821880446539985
1710364845.3603933,-0.9846291277143691
1710364845.3605273,-1.1303306950463188
1710364845.360661,-1.2080848217010498
1710364845.3607948,-1.2140389283498128
1710364845.3609285,-1.14609162012736
1710364845.3610625,-1.0105471478568182
1710364845.3611963,-0.8168621857961018
1710364845.36133,-0.5769450134701198
1710364845.3614638,-0.30445512798097396
1710364845.3615975,-0.014453039815028507
1710364845.3617315,0.27350107828776044
1710364845.3618653,0.5418405267927382
1710364845.361999,0.7744480503929986
1710364845.3621328,0.9580118788613213
1710364845.3622665,1.07992066277398
1710364845.3624005,1.1328177981906467
1710364845.3625343,1.1100475655661688
1710364845.362668,1.0144121779335868
1710364845.3628018,0.8518671327167087
1710364845.3629358,0.6329217884275649
1710364845.3630695,0.3705376717779371
1710364845.3632033,0.08082915511396196
1710364845.363337,-0.2193458212746514
1710364845.3634708,-0.5086474286185371
1710364845.3636048,-0.7720309495925903
1710364845.3637385,-0.9933851824866401
1710364845.3638723,-1.1587003866831462
1710364845.364006,-1.2557180722554524
1710364845.36414,-1.2777834468417697
1710364845.3642738,-1.220343377855089
1710364845.3644075,-1.0854993926154242
1710364845.3645413,-0.8837587965859307
1710364845.364675,-0.6284309095806545
1710364845.364809,-0.33247464232974583
1710364845.3649428,-0.014453039815028507
1710364845.3650765,0.30397829082277084
1710364845.3652103,0.6010433700349596
1710364845.365344,0.860624975628323
1710364845.365478,1.0648572444915771
1710364845.3656118,1.202880409028795
1710364845.3657455,1.2634844250149198
1710364845.3658793,1.241765022277832
1710364845.3660133,1.1391234397888184
1710364845.366147,0.9639671776029799
1710364845.3662808,0.7275062137179904
1710364845.3664145,0.4455045527882046
1710364845.3665483,0.13477729426489934
1710364845.3666823,-0.18467166357570225
1710364845.366816,-0.4883332716094123
1710364845.3669498,-0.7594221830368042
1710364845.3670835,-0.981126692559984
1710364845.3672175,-1.138736539416843
1710364845.3673513,-1.221394141515096
1710364845.367485,-1.221394141515096
1710364845.3676188,-1.13838619656033
1710364845.3677526,-0.9786749548382229
1710364845.3678865,-0.7559197478824191
1710364845.3680203,-0.4827293422487047
1710364845.368154,-0.1780170202255249
1710364845.3682878,0.14108291930622524
1710364845.3684216,0.4504089223013984
1710364845.3685555,0.7317099306318495
1710364845.3686893,0.968521237373352
1710364845.368823,1.1475310060713027
1710364845.3689568,1.2557775444454617
1710364845.3690908,1.2876559628380668
1710364845.3692245,1.2386122014787462
1710364845.3693583,1.1124997668796115
1710364845.369492,0.9201780954996744
1710364845.3696258,0.6728574302461412
1710364845.3697598,0.38665205240249634
1710364845.3698936,0.07942790786425273
1710364845.3700273,-0.2312541173564063
1710364845.370161,-0.5202054646280077
1710364845.370295,-0.7758836613761054
1710364845.3704288,-0.980776415930854
1710364845.3705626,-1.1257774300045438
1710364845.3706963,-1.2003793981340196
1710364845.37083,-1.2010799513922796
1710364845.370964,-1.1257774300045438
1710364845.3710978,-0.9835783640543619
1710364845.3712316,-0.7839392291174995
1710364845.3713653,-0.5387684040599399
1710364845.3714993,-0.26277608341640896
1710364845.371633,0.02793195553951793
1710364845.3717668,0.3130864103635152
1710364845.3719006,0.5761711464987861
1710364845.3720343,0.8007215129004585
1710364845.3721683,0.9762281179428101
1710364845.372302,1.087977819972568
1710364845.3724358,1.129665109846327
1710364845.3725696,1.095684700542026
1710364845.3727033,0.991291602452596
1710364845.3728373,0.8213899532953898
1710364845.372971,0.5975402063793606
1710364845.3731048,0.3327039215299818
1710364845.3732386,0.04124383545584149
1710364845.3733726,-0.2568219270971086
1710364845.3735063,-0.541570352183448
1710364845.37364,-0.8004007074568007
1710364845.3737738,-1.0165013207329643
1710364845.3739076,-1.1776136027442083
1710364845.3740416,-1.2714789973364935
1710364845.3741753,-1.2921433978610568
1710364845.374309,-1.23610430293613
1710364845.3744428,-1.1051130294799805
1710364845.3745768,-0.9096768829557631
1710364845.3747106,-0.660653313000997
1710364845.3748443,-0.37380344337887234
1710364845.374978,-0.06488818675279617
1710364845.3751118,0.24617670310868156
1710364845.3752458,0.5379870865080092
1710364845.3753796,0.7923140128453572
1710364845.3755133,0.9940940803951687
1710364845.375647,1.1310663488176134
1710364845.3757808,1.1930716037750244
1710364845.3759148,1.1748553646935356
1710364845.3760486,1.0764175653457642
1710364845.3761823,0.9061656395594279
1710364845.376316,0.6756599081887139
1710364845.37645,0.3992633024851481
1710364845.3765838,0.0920391579469045
1710364845.3767176,-0.22529996103710598
1710364845.3768513,-0.5275606115659078
1710364845.376985,-0.8004007074568007
1710364845.377119,-1.0256076521343656
1710364845.3772528,-1.1891716056399875
1710364845.3773866,-1.2774331039852567
1710364845.3775203,-1.2844379742940266
1710364845.3776543,-1.2073842684427898
1710364845.377788,-1.052226225535075
1710364845.3779218,-0.831922690073649
1710364845.3780556,-0.5587322844399346
1710364845.3781893,-0.2529692484272851
1710364845.3783233,0.06996946202384101
1710364845.378457,0.38630174265967476
1710364845.3785908,0.6739083925882975
1710364845.3787246,0.9191271993849013
1710364845.3788583,1.1054935057957966
1710364845.3789923,1.2210966481102836
1710364845.379126,1.2585800223880343
1710364845.3792598,1.2147910065121121
1710364845.3793936,1.0925318797429402
1710364845.3795276,0.9023121992746989
1710364845.3796613,0.6563927067650689
1710364845.379795,0.37018736203511554
1710364845.3799288,0.06121165222591824
1710364845.3800626,-0.25016730030377704
1710364845.3801966,-0.5405196216371324
1710364845.3803303,-0.7968982723024156
1710364845.380464,-1.0021413034862943
1710364845.3805978,-1.1439900928073459
1710364845.3807318,-1.214739481608073
1710364845.3808656,-1.2087852425045438
1710364845.3809993,-1.1264779832628038
1710364845.381133,-0.9758730067147149
1710364845.3812668,-0.7671275403764513
1710364845.3814008,-0.5142513248655531
1710364845.3815346,-0.23230484790272182
1710364845.3816683,0.062262589732805886
1710364845.381802,0.34951892164018417
1710364845.381936,0.6129539675182766
1710364845.3820698,0.8347018559773762
1710364845.3822036,1.0060046778784857
1710364845.3823373,1.1135506629943848
1710364845.382471,1.149632798300849
1710364845.382605,1.1121494240230985
1710364845.3827388,1.00250158045027
1710364845.3828726,0.8287465572357178
1710364845.3830063,0.602444609006246
1710364845.38314,0.3362070189581977
1710364845.383274,0.047199146615134344
1710364845.3834078,-0.24806583921114603
1710364845.3835416,-0.5296620726585388
1710364845.3836753,-0.7828885316848755
1710364845.3838093,-0.9933851824866401
1710364845.383943,-1.148893568250868
1710364845.3840768,-1.238556040657891
1710364845.3842106,-1.2560682826571994
1710364845.3843443,-1.1982780032687717
1710364845.3844783,-1.0693881909052532
1710364845.384612,-0.8785051769680446
1710364845.3847458,-0.6361362669203017
1710364845.3848796,-0.3566414780086941
1710364845.3850136,-0.056132082309987806
1710364845.3851473,0.24757794207996792
1710364845.385281,0.5327324072519938
1710364845.3854148,0.7814543114768134
1710364845.3855486,0.9800815582275391
1710364845.3856826,1.1156525876786973
1710364845.3858163,1.1783585283491347
1710364845.38595,1.1622440814971924
1710364845.3860838,1.0690609614054363
1710364845.3862176,0.9047643343607584
1710364845.3863516,0.6802139679590861
1710364845.3864853,0.41012300385369194
1710364845.386619,0.11060572332806057
1710364845.3867528,-0.2018336123890347
1710364845.3868868,-0.5016425251960754
1710364845.3870206,-0.7727314366234673
1710364845.3871543,-0.9989890787336562
1710364845.387288,-1.1650048361884222
1710364845.3874218,-1.2578194671207004
1710364845.3875558,-1.2707784440782335
1710364845.3876896,-1.1996789773305256
1710364845.3878233,-1.0497744878133137
1710364845.387957,-0.832623177104526
1710364845.388091,-0.5618845091925727
1710364845.3882248,-0.25366973545816207
1710364845.3883586,0.07277196480168237
1710364845.3884923,0.39540986220041907
1710364845.388626,0.6917742888132731
1710364845.38876,0.9457509385214912
1710364845.3888938,1.1422762605879042
1710364845.3890276,1.2687391704983182
1710364845.3891613,1.31427976820204
1710364845.389295,1.2778472900390625
1710364845.389429,1.1615435282389324
1710364845.3895628,0.9730752971437242
1710364845.3896966,0.7275062137179904
1710364845.3898304,0.43919894430372447
1710364845.3899643,0.12566916644573212
1710364845.390098,-0.19272726443078783
1710364845.3902318,-0.49148546324835884
1710364845.3903656,-0.7548689842224121
1710364845.3904994,-0.9667666753133137
1710364845.3906333,-1.1152701907687717
1710364845.390767,-1.1888213952382405
1710364845.3909009,-1.1835677093929715
1710364845.3910346,-1.0995091332329643
1710364845.3911686,-0.9440008136961195
1710364845.3913023,-0.7300016615125868
1710364845.391436,-0.47012057569291854
1710364845.3915699,-0.18081896834903294
1710364845.3917036,0.11936354140440622
1710364845.3918376,0.4111739330821567
1710364845.3919713,0.6753096315595839
1710364845.392105,0.899159378475613
1710364845.3922389,1.0666087600919936
1710364845.3923728,1.1696006192101371
1710364845.3925066,1.1986766921149359
1710364845.3926404,1.1524354086981878
1710364845.392774,1.033329102728102
1710364845.3929079,0.8501156171162922
1710364845.3930418,0.614355206489563
1710364845.3931756,0.341111421585083
1710364845.3933094,0.04579789936542511
1710364845.393443,-0.2533194919427236
1710364845.3935769,-0.5345654818746779
1710364845.3937109,-0.7867411772410074
1710364845.3938446,-0.9933851824866401
1710364845.3939784,-1.1425891187455919
1710364845.394112,-1.2273482481638591
1710364845.394246,-1.2392565939161513
1710364845.3943799,-1.1779638131459553
1710364845.3945136,-1.0462720526589286
1710364845.3946474,-0.8557393153508503
1710364845.394781,-0.6168728404574924
1710364845.394915,-0.344032711452908
1710364845.3950489,-0.050528177784548864
1710364845.3951826,0.24302388230959573
1710364845.3953164,0.5176689558558993
1710364845.3954504,0.756582154168023
1710364845.395584,0.9457509385214912
1710364845.3957179,1.0739653640323215
1710364845.3958516,1.129665109846327
1710364845.3959854,1.111098461680942
1710364845.3961194,1.0151127974192302
1710364845.396253,0.852567818429735
1710364845.3963869,0.6304695871141222
1710364845.3965206,0.36493264966540867
1710364845.3966544,0.06786759114927715
1710364845.3967884,-0.23755851719114515
1710364845.396922,-0.5324640207820468
1710364845.3970559,-0.7993500100241767
1710364845.3971896,-1.0252574417326186
1710364845.3973236,-1.1916233433617485
1710364845.3974574,-1.2875902652740479
1710364845.397591,-1.306153138478597
1710364845.3977249,-1.2427589628431532
1710364845.3978586,-1.1012603839238484
1710364845.3979926,-0.8918144305547078
1710364845.3981264,-0.6291313966115316
1710364845.39826,-0.32722098959816825
1710364845.3983939,-0.005346694443788793
1710364845.3985279,0.3158888883060879
1710364845.3986616,0.6122533480326334
1710364845.3987954,0.8686821990542941
1710364845.398929,1.0690609614054363
1710364845.3990629,1.1997275882297092
1710364845.3991969,1.2512234846750896
1710364845.3993306,1.2210966481102836
1710364845.3994644,1.1096972227096558
1710364845.3995981,0.926133460468716
1710364845.3997319,0.6833667887581719
1710364845.3998659,0.3968111011717054
1710364845.3999996,0.08328134814898173
1710364845.4001334,-0.23685801360342237
1710364845.4002671,-0.5380679170290629
1710364845.400401,-0.8049539062711928
1710364845.4005349,-1.0221052169799805
1710364845.4006686,-1.1734106805589464
1710364845.4008024,-1.2497638331519232
1710364845.4009361,-1.2445101473066542
1710364845.40107,-1.159050597084893
1710364845.4012039,-1.0000398423936632
1710364845.4013376,-0.7800865835613674
1710364845.4014714,-0.512850350803799
1710364845.4016054,-0.2151428825325436
1710364845.4017391,0.09449135098192427
1710364845.4018729,0.3950595524575975
1710364845.4020066,0.6669021315044826
1710364845.4021404,0.8960065576765273
1710364845.4022744,1.0687106847763062
1710364845.4024081,1.1734541257222493
1710364845.4025419,1.2042816480000813
1710364845.4026756,1.157339678870307
1710364845.4028096,1.0361315806706746
1710364845.4029434,0.8508162366019355
1710364845.4030771,0.6126036908891466
1710364845.4032109,0.3365573618147108
1710364845.4033446,0.038791646560033165
1710364845.4034786,-0.2603243788083394
1710364845.4036124,-0.542270839214325
1710364845.4037461,-0.7909441656536526
1710364845.40388,-0.9940856695175171
1710364845.4040136,-1.138035986158583
1710364845.4041476,-1.214739481608073
1710364845.4042814,-1.219642824596829
1710364845.4044151,-1.151695516374376
1710364845.404549,-1.0165013207329643
1710364845.4046829,-0.822816358672248
1710364845.4048166,-0.582198699315389
1710364845.4049504,-0.31040926774342853
1710364845.4050841,-0.020407189925511677
1710364845.405218,0.26859670877456665
1710364845.4053519,0.5362355377939012
1710364845.4054856,0.76849275165134
1710364845.4056194,0.9517062372631496
1710364845.4057531,1.0736150211758084
1710364845.4058871,1.125461260477702
1710364845.4060209,1.103041304482354
1710364845.4061546,1.007055640220642
1710364845.4062884,0.8441603183746338
1710364845.4064221,0.62556525071462
1710364845.4065561,0.36318110095130074
1710364845.40669,0.07277196480168237
1710364845.4068236,-0.22740143868658277
1710364845.4069574,-0.5167030294736227
1710364845.4070911,-0.7793860965304904
1710364845.4072251,-0.9996895657645332
1710364845.407359,-1.1653550465901692
1710364845.4074926,-1.2623725997077093
1710364845.4076264,-1.2840877638922796
1710364845.4077604,-1.225947274102105
1710364845.4078941,-1.0914535654915702
1710364845.408028,-0.8893626928329468
1710364845.4081616,-0.6333343187967936
1710364845.4082954,-0.3377283281750149
1710364845.4084294,-0.020056944340467453
1710364845.4085631,0.29907388819588554
1710364845.408697,0.5971899297502306
1710364845.4088306,0.8553702963723077
1710364845.4089646,1.060653461350335
1710364845.4090984,1.1983263492584229
1710364845.4092321,1.2589303652445476
1710364845.409366,1.237561305363973
1710364845.4094996,1.1352700657314725
1710364845.4096336,0.9604640801747639
1710364845.4097674,0.7243533929189047
1710364845.4099011,0.4427020748456319
1710364845.410035,0.13267541925112405
1710364845.4101686,-0.18607263763745627
1710364845.4103026,-0.4897342456711663
1710364845.4104364,-0.7604728804694282
1710364845.4105701,-0.981476902961731
1710364845.410704,-1.138035986158583
1710364845.410838,-1.219642824596829
1710364845.4109716,-1.219642824596829
1710364845.4111054,-1.135934591293335
1710364845.4112391,-0.9755227300855849
1710364845.411373,-0.7517168256971571
1710364845.411507,-0.47957715060975814
1710364845.4116406,-0.17381409804026285
1710364845.4117744,0.14493635959095424
1710364845.4119081,0.454612672328949
1710364845.4120421,0.7359137137730917
1710364845.412176,0.9730752971437242
1710364845.4123096,1.1517347229851616
1710364845.4124434,1.2617328431871202
1710364845.4125772,1.2925603654649522
1710364845.4127111,1.2449178430769179
1710364845.412845,1.1198563045925565
1710364845.4129786,0.9282353189256456
1710364845.4131124,0.6823158926433986
1710364845.4132464,0.3985626829995049
1710364845.4133801,0.0916888482040829
1710364845.413514,-0.2168941166665819
1710364845.4136477,-0.505495203865899
1710364845.4137814,-0.7590719064076741
1710364845.4139154,-0.9639647271898057
1710364845.4140491,-1.1082652542326186
1710364845.414183,-1.1821667353312175
1710364845.4143167,-1.1821667353312175
1710364845.4144504,-1.1079150438308716
1710364845.4145844,-0.9646652142206827
1710364845.4147182,-0.7657265663146973
1710364845.414852,-0.5212561951743232
1710364845.4149857,-0.24736533562342325
1710364845.4151196,0.04159414519866308
1710364845.4152534,0.32604797018898857
1710364845.4153872,0.587381190723843
1710364845.415521,0.8112308714124892
1710364845.4156547,0.9846356179979112
1710364845.4157887,1.0960350433985393
1710364845.4159224,1.137722200817532
1710364845.4160562,1.1047928200827704
1710364845.41619,0.9993487596511841
1710364845.416324,0.8301477962070041
1710364845.4164577,0.6069986687766181
1710364845.4165914,0.34286297029919094
1710364845.4167252,0.053154461913638644
1710364845.416859,-0.24421314398447672
1710364845.416993,-0.5293118291431003
1710364845.4171267,-0.7863909668392605
1710364845.4172604,-1.0031920671463013
1710364845.4173942,-1.1632535192701552
1710364845.417528,-1.2581696775224473
1710364845.417662,-1.2791844209035237
1710364845.4177957,-1.224196089638604
1710364845.4179294,-1.0956564876768324
1710364845.4180632,-0.9016212489869859
1710364845.4181972,-0.6561001804139879
1710364845.418331,-0.3696005211936103
1710364845.4184647,-0.0624364780055152
1710364845.4185984,0.24862888786527845
1710364845.4187322,0.5393883254792955
1710364845.4188662,0.7926643557018703
1710364845.419,0.9940940803951687
1710364845.4191337,1.1310663488176134
1710364845.4192674,1.1937722894880507
1710364845.4194014,1.1755560504065619
1710364845.4195352,1.0788697004318237
1710364845.419669,0.9086177746454874
1710364845.4198027,0.6791630718443129
1710364845.4199364,0.40206581354141235
1710364845.4200704,0.09659322599569956
1710364845.4202042,-0.22074679533640543
1710364845.420338,-0.5233576562669542
1710364845.4204717,-0.7965480619006686
1710364845.4206054,-1.0224554273817275
1710364845.4207394,-1.1863696575164795
1710364845.4208732,-1.2753317091200087
1710364845.421007,-1.2816360261705186
1710364845.4211407,-1.2049326631757948
1710364845.4212747,-1.0504749748441908
1710364845.4214084,-0.829470952351888
1710364845.4215422,-0.5562806129455566
1710364845.421676,-0.24876632624202305
1710364845.4218097,0.07417322032981448
1710364845.4219437,0.39015518294440377
1710364845.4220774,0.679863691329956
1710364845.4222112,0.9243818786409166
1710364845.422345,1.1114487383100722
1710364845.422479,1.2270519468519423
1710364845.4226127,1.264885663986206
1710364845.4227464,1.2200457519955106
1710364845.4228802,1.0970860057406955
1710364845.423014,0.9047643343607584
1710364845.423148,0.6584946314493815
1710364845.4232817,0.36983705229229397
1710364845.4234154,0.05946008695496453
1710364845.4235492,-0.25401997897360057
1710364845.4236832,-0.546473761399587
1710364845.423817,-0.8035529322094387
1710364845.4239507,-1.0108974244859483
1710364845.4240844,-1.154497464497884
1710364845.4242182,-1.2255970637003581
1710364845.4243522,-1.219642824596829
1710364845.424486,-1.13838619656033
1710364845.4246197,-0.987080799208747
1710364845.4247534,-0.7779851224687364
1710364845.4248872,-0.5247586303287082
1710364845.4250212,-0.2428121699227227
1710364845.425155,0.05245383828878403
1710364845.4252887,0.34076111184226143
1710364845.4254224,0.6045464674631754
1710364845.4255564,0.8283962143792046
1710364845.4256902,0.9996991025076972
1710364845.425824,1.1075953642527263
1710364845.4259577,1.1447285281287298
1710364845.4260914,1.107245021396213
1710364845.4262254,0.9968965583377414
1710364845.4263592,0.8234918117523193
1710364845.426493,0.5975402063793606
1710364845.4266267,0.3320032689306471
1710364845.4267607,0.041944459080696106
1710364845.4268944,-0.2533194919427236
1710364845.4270282,-0.5345654818746779
1710364845.427162,-0.7874416642718844
1710364845.4272957,-0.9975881046719021
1710364845.4274297,-1.15309649043613
1710364845.4275634,-1.2431091732449002
1710364845.4276972,-1.2609716256459553
1710364845.427831,-1.2045823203192816
1710364845.4279647,-1.0763930612140231
1710364845.4280987,-0.8862105343076918
1710364845.4282324,-0.6445421112908257
1710364845.4283662,-0.36539759900834823
1710364845.4285,-0.06523843026823467
1710364845.428634,0.23811951279640198
1710364845.4287677,0.5225733253690932
1710364845.4289014,0.7716455724504259
1710364845.4290352,0.9706231620576646
1710364845.429169,1.1061941252814398
1710364845.429303,1.1699509620666504
1710364845.4294367,1.1559384398990207
1710364845.4295704,1.0634559392929077
1710364845.4297042,0.9002102745903863
1710364845.4298382,0.6770612133873833
1710364845.429972,0.40802111228307086
1710364845.4301057,0.10920447607835133
1710364845.4302394,-0.2028843429353502
1710364845.4303732,-0.502693255742391
1710364845.4305072,-0.7741324106852213
1710364845.430641,-1.0003900527954102
1710364845.4307747,-1.1664058102501762
1710364845.4309084,-1.2609716256459553
1710364845.4310422,-1.2739307350582547
1710364845.4311762,-1.2045823203192816
1710364845.43131,-1.0560788710912068
1710364845.4314437,-0.8392778370115492
1710364845.4315774,-0.5688893795013428
1710364845.4317114,-0.2610248658392164
1710364845.4318452,0.0650650883714358
1710364845.431979,0.3880532913737827
1710364845.4321127,0.6840674082438151
1710364845.4322464,0.9390950202941895
1710364845.4323804,1.1363209618462455
1710364845.4325142,1.2624335289001465
1710364845.432648,1.3097257084316678
1710364845.4327817,1.2736435731252034
1710364845.4329157,1.1580403645833333
1710364845.4330494,0.9709734386867946
1710364845.4331832,0.725754631890191
1710364845.433317,0.4377976722187466
1710364845.4334507,0.1260194761885537
1710364845.4335847,-0.1923770209153493
1710364845.4337184,-0.4900844891866048
1710364845.4338522,-0.752767523129781
1710364845.433986,-0.9643149375915527
1710364845.43412,-1.1103667153252494
1710364845.4342537,-1.1832174989912245
1710364845.4343874,-1.1758624182807074
1710364845.4345212,-1.0900525914298163
1710364845.434655,-0.9327929549747043
1710364845.434789,-0.7170426183276706
1710364845.4349227,-0.45470982789993286
1710364845.4350564,-0.1643575065665775
1710364845.4351902,0.13898104429244995
1710364845.435324,0.43149206373426646
1710364845.435458,0.6970289680692885
1710364845.4355917,0.922280020183987
1710364845.4357255,1.0907803641425238
1710364845.4358592,1.1937722894880507
1710364845.4359932,1.2231985727945964
1710364845.436127,1.1769572893778484
1710364845.4362607,1.0571503639221191
1710364845.4363945,0.8728859159681532
1710364845.4365282,0.6364249520831637
1710364845.4366622,0.36213017172283596
1710364845.436796,0.06611602587832345
1710364845.4369297,-0.23405606547991434
1710364845.4370635,-0.5170532729890611
1710364845.4371974,-0.7692290014690822
1710364845.4373312,-0.9765734937455919
1710364845.437465,-1.1268281936645508
1710364845.4375987,-1.2115871906280518
1710364845.4377325,-1.223845746782091
1710364845.4378664,-1.1622028880649142
1710364845.4380002,-1.0326125224431355
1710364845.438134,-0.8427802721659342
1710364845.4382677,-0.6039137972725762
1710364845.4384015,-0.3310736682679918
1710364845.4385355,-0.03932036873367097
1710364845.4386692,0.25423389342096114
1710364845.438803,0.5267770753966438
1710364845.4389367,0.764639311366611
1710364845.4390707,0.953107476234436
1710364845.4392045,1.08027093940311
1710364845.4393382,1.1359706189897325
1710364845.439472,1.1160027980804443
1710364845.4396057,1.0214184390174017
1710364845.4397397,0.8581727743148804
1710364845.4398735,0.6364249520831637
1710364845.4400072,0.3705376717779371
1710364845.440141,0.07627509534358978
1710364845.440275,-0.2295028997792138
1710364845.4404087,-0.5237078997823927
1710364845.4405425,-0.7902436123953925
1710364845.4406762,-1.0158008337020874
1710364845.44081,-1.1818165249294705
1710364845.440944,-1.2788340780470107
1710364845.4410777,-1.2966965304480658
1710364845.4412115,-1.235053671730889
1710364845.4413452,-1.0939052369859483
1710364845.441479,-0.8855100472768147
1710364845.441613,-0.6224767367045084
1710364845.4417467,-0.3216170933511522
1710364845.4418805,0.0006075733755197789
1710364845.4420142,0.3214939104186164
1710364845.4421482,0.6189092662599351
1710364845.442282,0.8753381172815958
1710364845.4424157,1.0774684614605374
1710364845.4425495,1.2084853649139404
1710364845.4426832,1.2624335289001465
1710364845.4428172,1.233707931306627
1710364845.442951,1.1237096786499023
1710364845.4430847,0.9404962592654758
1710364845.4432185,0.6987805498970879
1710364845.4433525,0.41187455256779987
1710364845.4434862,0.09834478298823038
1710364845.44362,-0.22179752588272095
1710364845.4437537,-0.5254591173595852
1710364845.4438875,-0.7930456267462836
1710364845.4440215,-1.0122983985477023
1710364845.4441552,-1.1653550465901692
1710364845.444289,-1.2441599369049072
1710364845.4444227,-1.2406575679779053
1710364845.4445567,-1.156248648961385
1710364845.4446905,-0.9989890787336562
1710364845.4448242,-0.7800865835613674
1710364845.444958,-0.5132005943192376
1710364845.4450917,-0.2147926390171051
1710364845.4452257,0.09519197046756744
1710364845.4453595,0.3957601719432407
1710364845.4454932,0.668653647104899
1710364845.445627,0.8981084161334567
1710364845.4457607,1.0708125432332356
1710364845.4458947,1.1766069465213351
1710364845.4460285,1.2070841259426541
1710364845.4461622,1.1590912606981065
1710364845.446296,1.0378831624984741
1710364845.44643,0.8508162366019355
1710364845.4465637,0.6122533480326334
1710364845.4466975,0.33410516050126815
1710364845.4468312,0.03493820627530416
1710364845.446965,-0.2659282750553555
1710364845.447099,-0.548925499121348
1710364845.4472327,-0.7993500100241767
1710364845.4473665,-1.0024915801154242
1710364845.4475002,-1.147142383787367
1710364845.4476342,-1.224196089638604
1710364845.447768,-1.22909943262736
1710364845.4479017,-1.1597511503431532
1710364845.4480355,-1.0242066780726116
1710364845.4481692,-0.828770465321011
1710364845.4483032,-0.587452318933275
1710364845.448437,-0.3146121899286906
1710364845.4485707,-0.024610118319590885
1710364845.4487045,0.2650935782326592
1710364845.4488382,0.5334330267376369
1710364845.4489722,0.7663908931944106
1710364845.449106,0.9496043788062202
1710364845.4492397,1.0715131627188788
1710364845.4493735,1.122308439678616
1710364845.4495075,1.099187864197625
1710364845.4496412,1.00250158045027
1710364845.449775,0.8385552962621052
1710364845.4499087,0.6192596091164483
1710364845.4500425,0.35652514961030746
1710364845.4501765,0.06541540225346883
1710364845.4503102,-0.23405606547991434
1710364845.450444,-0.5244083868132697
1710364845.4505777,-0.7874416642718844
1710364845.4507117,-1.0077451997333102
1710364845.4508455,-1.1723599168989394
1710364845.4509792,-1.2693774700164795
1710364845.451113,-1.2907424237993028
1710364845.4512467,-1.232251591152615
1710364845.4513807,-1.0977579487694633
1710364845.4515145,-0.8963676293690999
1710364845.4516482,-0.6403391891055636
1710364845.451782,-0.34543368551466197
1710364845.451916,-0.02776231409774886
1710364845.4520497,0.2917173504829407
1710364845.4521835,0.5887824296951294
1710364845.4523172,0.8473130729463365
1710364845.452451,1.0529465807808769
1710364845.452585,1.1909698115454779
1710364845.4527187,1.2515738275316026
1710364845.4528525,1.2305551105075412
1710364845.4529862,1.1282637384202745
1710364845.45312,0.9534578190909492
1710364845.453254,0.7173471318350898
1710364845.4533877,0.43604612350463867
1710364845.4535215,0.12672010395261976
1710364845.4536552,-0.19307750794622633
1710364845.4537892,-0.49673911597993636
1710364845.453923,-0.7674777507781982
1710364845.4540567,-0.989182260301378
1710364845.4541905,-1.147142383787367
1710364845.4543242,-1.22909943262736
1710364845.4544582,-1.2287492222256131
1710364845.454592,-1.1453910668690999
1710364845.4547257,-0.985329614745246
1710364845.4548595,-0.7608231570985582
1710364845.4549935,-0.48728254106309676
1710364845.4551272,-0.18081896834903294
1710364845.455261,0.13933135403527153
1710364845.4553947,0.4507592651579115
1710364845.4555285,0.7341621319452921
1710364845.4556625,0.9734256400002373
1710364845.4557962,1.1545372009277344
1710364845.45593,1.265236006842719
1710364845.4560637,1.2985156642066107
1710364845.4561975,1.252274513244629
1710364845.4563315,1.1286140812767875
1710364845.4564652,0.93769371509552
1710364845.456599,0.6921246316697862
1710364845.4567327,0.40802111228307086
1710364845.4568667,0.1018479135301378
1710364845.4570005,-0.207787768708335
1710364845.4571342,-0.49638887246449787
1710364845.457268,-0.75101633866628
1710364845.4574018,-0.9555588165918986
1710364845.4575357,-1.1002096202638414
1710364845.4576695,-1.1741111013624403
1710364845.4578032,-1.1744614442189534
1710364845.457937,-1.0991589228312175
1710364845.458071,-0.9562593036227756
1710364845.4582047,-0.7562699582841661
1710364845.4583385,-0.511449376742045
1710364845.4584723,-0.23720827367570665
1710364845.458606,0.052804148031605616
1710364845.45874,0.33690767155753243
1710364845.4588737,0.5978905492358737
1710364845.4590075,0.8213899532953898
1710364845.4591413,0.9937437375386555
1710364845.459275,1.1044425434536405
1710364845.459409,1.1443781852722168
1710364845.4595428,1.110397842195299
1710364845.4596765,1.0042531622780693
1710364845.4598103,0.8336508936352199
1710364845.4599442,0.6091005272335476
1710364845.460078,0.34461451901329887
1710364845.4602118,0.05385508553849326
1710364845.4603455,-0.24386290046903822
1710364845.4604793,-0.5282610985967848
1710364845.4606133,-0.7856904798083835
1710364845.460747,-1.001090539826287
1710364845.4608808,-1.1611521244049072
1710364845.4610145,-1.2550175189971924
1710364845.4611485,-1.2749813662634955
1710364845.4612823,-1.218241850535075
1710364845.461416,-1.0886516173680623
1710364845.4615498,-0.8942661020490859
1710364845.4616835,-0.6462933619817098
1710364845.4618175,-0.3608444333076477
1710364845.4619513,-0.05333013004726834
1710364845.462085,0.2577370074060228
1710364845.4622188,0.5474455157915751
1710364845.4623528,0.8007215129004585
1710364845.4624865,1.00250158045027
1710364845.4626203,1.1387732293870714
1710364845.462754,1.2014791700575087
1710364845.4628878,1.1836131413777669
1710364845.4630218,1.0858759615156386
1710364845.4631555,0.9163246552149454
1710364845.4632893,0.6865196095572578
1710364845.463423,0.4111739330821567
1710364845.4635568,0.10500072605080074
1710364845.4636908,-0.21164044737815857
1710364845.4638245,-0.5139010813501146
1710364845.4639583,-0.7856904798083835
1710364845.464092,-1.0122983985477023
1710364845.464226,-1.1751618650224473
1710364845.4643598,-1.2644741270277235
1710364845.4644935,-1.2714789973364935
1710364845.4646273,-1.1954760551452637
1710364845.464761,-1.0410183668136597
1710364845.464895,-0.8203646209504869
1710364845.4650288,-0.548225012090471
1710364845.4651625,-0.24141119586096868
1710364845.4652963,0.08117946485678355
1710364845.4654303,0.3978620635138618
1710364845.465564,0.6865196095572578
1710364845.4656978,0.9317384163538615
1710364845.4658315,1.1188054084777832
1710364845.4659653,1.2347588274214003
1710364845.4660993,1.272592544555664
1710364845.466233,1.2288035286797416
1710364845.4663668,1.1044425434536405
1710364845.4665005,0.9138725201288859
1710364845.4666343,0.6658511691623263
1710364845.4667683,0.3782445523473951
1710364845.466902,0.06786759114927715
1710364845.4670358,-0.24631460507710773
1710364845.4671695,-0.540169378121694
1710364845.4673035,-0.7986495229932997
1710364845.4674373,-1.0063442256715562
1710364845.467571,-1.150995095570882
1710364845.4677048,-1.223145325978597
1710364845.4678385,-1.220343377855089
1710364845.4679725,-1.13838619656033
1710364845.4681063,-0.990233023961385
1710364845.46824,-0.7818377680248684
1710364845.4683738,-0.5303625596894158
1710364845.4685078,-0.24876632624202305
1710364845.4686415,0.04509727160135905
1710364845.4687753,0.3323535786734687
1710364845.468909,0.5943873855802748
1710364845.4690428,0.8171862363815308
1710364845.4691768,0.9888394011391534
1710364845.4693105,1.095684700542026
1710364845.4694443,1.1321172449323866
1710364845.469578,1.0942834615707397
1710364845.4697118,0.9846356179979112
1710364845.4698458,0.8105302519268459
1710364845.4699795,0.5849289894104004
1710364845.4701133,0.31939201884799534
1710364845.470247,0.030734456247753568
1710364845.470381,-0.26417705747816295
1710364845.4705148,-0.5443723003069559
1710364845.4706485,-0.7965480619006686
1710364845.4707823,-1.0063442256715562
1710364845.470916,-1.1608019140031602
1710364845.47105,-1.2497638331519232
1710364845.4711838,-1.2672760751512315
1710364845.4713175,-1.2101862165662978
1710364845.4714513,-1.0812964704301622
1710364845.4715853,-0.8904134564929538
1710364845.471719,-0.6497957971360948
1710364845.4718528,-0.3710014952553643
1710364845.4719865,-0.07084233065446217
1710364845.4721203,0.23181388775507608
1710364845.4722543,0.5159174071417915
1710364845.472388,0.764639311366611
1710364845.4725218,0.9632665581173366
1710364845.4726555,1.0981369018554688
1710364845.4727895,1.160842842525906
1710364845.4729233,1.1461297671000164
1710364845.473057,1.0532969236373901
1710364845.4731908,0.8893506394492255
1710364845.4733245,0.6672524081336128
1710364845.4734585,0.39751172065734863
1710364845.4735923,0.09834478298823038
1710364845.473726,-0.21199069089359707
1710364845.4738598,-0.511449376742045
1710364845.4739935,-0.7828885316848755
1710364845.4741275,-1.0087959633933172
1710364845.4742613,-1.1734106805589464
1710364845.474395,-1.2669258647494845
1710364845.4745288,-1.2795346313052707
1710364845.4746628,-1.2094857957628038
1710364845.4747965,-1.059931582874722
1710364845.4749303,-0.8427802721659342
1710364845.475064,-0.5727420912848579
1710364845.4751978,-0.26487754450904
1710364845.4753318,0.060861338343885206
1710364845.4754655,0.38279861211776733
1710364845.4755993,0.6788127289877998
1710364845.475733,0.9324390358395046
1710364845.475867,1.1279135280185275
1710364845.4760008,1.2536757522159152
1710364845.4761345,1.298866007063124
1710364845.4762683,1.2624335289001465
1710364845.476402,1.145779424243503
1710364845.476536,0.9576615360048082
1710364845.4766698,0.7117421097225612
1710364845.4768035,0.4234348734219869
1710364845.4769373,0.11060572332806057
1710364845.477071,-0.20673703816201952
1710364845.477205,-0.504094229804145
1710364845.4773388,-0.7664270533455743
1710364845.4774725,-0.9762232171164619
1710364845.4776063,-1.1222750610775418
1710364845.4777403,-1.1937248706817627
1710364845.477874,-1.1867198679182265
1710364845.4780078,-1.0998594098620944
1710364845.4781415,-0.9418993526034884
1710364845.4782753,-0.7247479756673177
1710364845.4784093,-0.4627654287550184
1710364845.478543,-0.17136237687534756
1710364845.4786768,0.13127417200141483
1710364845.4788105,0.4251864221360948
1710364845.4789445,0.6907233926984999
1710364845.4790783,0.9152737591001723
1710364845.479212,1.084124379687839
1710364845.4793458,1.1867659621768527
1710364845.4794796,1.2168929311964247
1710364845.4796135,1.1710019906361897
1710364845.4797473,1.0515453418095906
1710364845.479881,0.8686821990542941
1710364845.4800148,0.633272131284078
1710364845.4801486,0.3600282801522149
1710364845.4802825,0.06576571613550186
1710364845.4804163,-0.23335557844903734
1710364845.48055,-0.5149518118964301
1710364845.4806838,-0.7657265663146973
1710364845.4808178,-0.9716700845294528
1710364845.4809515,-1.1215745078192816
1710364845.4810853,-1.2042321099175346
1710364845.481219,-1.21579024526808
1710364845.4813528,-1.154497464497884
1710364845.4814868,-1.0249071651034884
1710364845.4816206,-0.83402415116628
1710364845.4817543,-0.595858163303799
1710364845.481888,-0.3240687979592217
1710364845.482022,-0.0323154880768723
1710364845.4821558,0.2598388824197981
1710364845.4822896,0.5327324072519938
1710364845.4824233,0.7705946101082696
1710364845.482557,0.9590628412034776
1710364845.482691,1.0855256848865085
1710364845.4828248,1.1419260501861572
1710364845.4829586,1.122658782535129
1710364845.4830923,1.0273737377590604
1710364845.4832263,0.8648287587695651
1710364845.48336,0.6437814897961086
1710364845.4834938,0.3782445523473951
1710364845.4836276,0.0839819676346249
1710364845.4837613,-0.22109703885184392
1710364845.4838953,-0.5156522989273071
1710364845.484029,-0.7828885316848755
1710364845.4841628,-1.0080954763624403
1710364845.4842966,-1.1765628390842013
1710364845.4844303,-1.2728799713982475
1710364845.4845643,-1.2924936082628038
1710364845.484698,-1.230850617090861
1710364845.4848318,-1.0911032888624403
1710364845.4849656,-0.8834085861841837
1710364845.4850996,-0.6217762496736314
1710364845.4852333,-0.3205663628048367
1710364845.485367,0.0009578859640492334
1710364845.4855008,0.3214939104186164
1710364845.4856346,0.6189092662599351
1710364845.4857686,0.8753381172815958
1710364845.4859023,1.0764175653457642
1710364845.486036,1.2088357077704535
1710364845.4861698,1.2631340821584065
1710364845.4863038,1.234408484564887
1710364845.4864376,1.1237096786499023
1710364845.4865713,0.9418974982367622
1710364845.486705,0.7005321317248874
1710364845.4868388,0.4146770636240641
1710364845.4869728,0.10219822327295938
1710364845.4871066,-0.2179448472128974
1710364845.4872403,-0.5195049775971307
1710364845.487374,-0.7874416642718844
1710364845.4875078,-1.0042427645789251
1710364845.4876418,-1.157299412621392
1710364845.4877756,-1.234353118472629
1710364845.4879093,-1.230500406689114
1710364845.488043,-1.1457414097256131
1710364845.488177,-0.98638031217787
1710364845.4883108,-0.7664270533455743
1710364845.4884446,-0.4995410641034444
1710364845.4885783,-0.2014833688735962
1710364845.488712,0.10850384831428528
1710364845.488846,0.4076708025402493
1710364845.4889798,0.6802139679590861
1710364845.4891136,0.9093184603585137
1710364845.4892473,1.08027093940311
1710364845.4893813,1.1846641699473064
1710364845.489515,1.2133897675408256
1710364845.4896488,1.165046559439765
1710364845.4897826,1.0424372222688463
1710364845.4899163,0.8543193340301514
1710364845.4900503,0.6136545870039198
1710364845.490184,0.33515608972973293
1710364845.4903178,0.03563883403937022
1710364845.4904516,-0.2673292491171095
1710364845.4905853,-0.549625986152225
1710364845.4907193,-0.8014514711168077
1710364845.490853,-1.0038925541771782
1710364845.4909868,-1.148893568250868
1710364845.4911206,-1.226297484503852
1710364845.4912546,-1.232251591152615
1710364845.4913883,-1.1643042829301622
1710364845.491522,-1.0280593898561265
1710364845.4916558,-0.8347246381971571
1710364845.4917896,-0.593756702211168
1710364845.4919236,-0.32231758038202923
1710364845.4920573,-0.03196524249182807
1710364845.492191,0.25493451290660435
1710364845.4923248,0.5232739448547363
1710364845.4924588,0.7541299528545803
1710364845.4925926,0.9383944008085463
1710364845.4927263,1.0599528418646917
1710364845.49286,1.1121494240230985
1710364845.4929938,1.087977819972568
1710364845.4931278,0.9923424985673692
1710364845.4932616,0.8304980728361342
1710364845.4933953,0.6122533480326334
1710364845.493529,0.3512704703542921
1710364845.493663,0.060861338343885206
1710364845.4937968,-0.23825900422202215
1710364845.4939306,-0.5265098479059007
1710364845.4940643,-0.7891929149627686
1710364845.494198,-1.0101969374550712
1710364845.494332,-1.1748116546207004
1710364845.4944658,-1.2725297609965007
1710364845.4945996,-1.2945951355828178
1710364845.4947333,-1.23680485619439
1710364845.494867,-1.1033618450164795
1710364845.495001,-0.9030222230487399
1710364845.4951348,-0.6480445464452108
1710364845.4952686,-0.3531390428543091
1710364845.4954023,-0.03686865998639001
1710364845.4955363,0.28225888808568317
1710364845.49567,0.5800245867835151
1710364845.4958038,0.8392559157477485
1710364845.4959376,1.0452397002114189
1710364845.4960713,1.1843138270907931
1710364845.4962053,1.2466694249047172
1710364845.496339,1.226001050737169
1710364845.4964728,1.1251109176211886
1710364845.4966066,0.9513559606340196
1710364845.4967406,0.7159458928638034
1710364845.4968743,0.4356958137618171
1710364845.497008,0.1260194761885537
1710364845.4971418,-0.19342775146166483
1710364845.4972756,-0.49708935949537486
1710364845.4974096,-0.7692290014690822
1710364845.4975433,-0.9923344850540161
1710364845.497677,-1.150294542312622
1710364845.4978108,-1.232952144410875
1710364845.4979446,-1.234353118472629
1710364845.4980786,-1.151695516374376
1710364845.4982123,-0.9926846954557631
1710364845.498346,-0.7692290014690822
1710364845.4984798,-0.49638887246449787
1710364845.4986138,-0.1902755598227183
1710364845.4987476,0.13057354423734877
1710364845.4988813,0.44130080276065403
1710364845.499015,0.7240030500623915
1710364845.4991488,0.9632665581173366
1710364845.4992828,1.1440278424157035
1710364845.4994166,1.2554272015889485
1710364845.4995503,1.288356648551093
1710364845.499684,1.2424657079908583
1710364845.499818,1.1191556188795302
1710364845.4999518,0.9289359384112887
1710364845.5000856,0.6847680277294582
1710364845.5002193,0.4017155037985908
1710364845.500353,0.0958925982316335
1710364845.500487,-0.21234093440903556
1710364845.5006208,-0.4991908205880059
1710364845.5007546,-0.752067036098904
1710364845.5008883,-0.9552086061901516
1710364845.501022,-1.0970574617385864
1710364845.501156,-1.1692077583736844
1710364845.5012898,-1.1674564414554172
1710364845.5014236,-1.0904028018315632
1710364845.5015574,-0.9457519981596205
1710364845.5016913,-0.744711889161004
1710364845.501825,-0.4981400900416904
1710364845.5019588,-0.22249801291359794
1710364845.5020926,0.0668166536423895
1710364845.5022264,0.3516207800971137
1710364845.5023603,0.6122533480326334
1710364845.502494,0.8347018559773762
1710364845.5026278,1.0081066025627983
1710364845.5027616,1.1170538266499836
1710364845.5028956,1.15698946846856
1710364845.5030293,1.122308439678616
1710364845.503163,1.0151127974192302
1710364845.5032969,0.8441603183746338
1710364845.5034306,0.6185589896308051
1710364845.5035646,0.3540729814105564
1710364845.5036983,0.06261290361483891
1710364845.503832,-0.23440630899535284
1710364845.5039659,-0.5198552211125692
1710364845.5040998,-0.7769343588087294
1710364845.5042336,-0.9926846954557631
1710364845.5043674,-1.152396069632636
1710364845.504501,-1.2466116746266682
1710364845.5046349,-1.2669258647494845
1710364845.5047688,-1.2112369802263048
1710364845.5049026,-1.0816466808319092
1710364845.5050364,-0.8883119954003228
1710364845.50517,-0.6417401631673177
1710364845.5053039,-0.3573419650395711
1710364845.5054379,-0.050528177784548864
1710364845.5055716,0.25878795319133335
1710364845.5057054,0.5474455157915751
1710364845.505839,0.8000208934148152
1710364845.505973,1.0007499986224704
1710364845.5061069,1.1370216475592718
1710364845.5062406,1.1986766921149359
1710364845.5063744,1.1818615595499675
1710364845.506508,1.084124379687839
1710364845.506642,0.9149234162436591
1710364845.5067759,0.6858189900716146
1710364845.5069096,0.4115242428249783
1710364845.5070434,0.10640197330050997
1710364845.5071774,-0.20883849925465053
1710364845.507311,-0.510748889711168
1710364845.5074449,-0.7821880446539985
1710364845.5075786,-1.0066945023006864
1710364845.5077124,-1.1695579687754314
1710364845.5078464,-1.2578194671207004
1710364845.50798,-1.2648243374294705
1710364845.5081139,-1.1888213952382405
1710364845.5082476,-1.0343637731340196
1710364845.5083814,-0.8140602376725938
1710364845.5085154,-0.541570352183448
1710364845.508649,-0.23405606547991434
1710364845.5087829,0.08888634542624156
1710364845.5089166,0.40486829148398507
1710364845.5090506,0.6949271096123589
1710364845.5091844,0.9408465358946059
1710364845.509318,1.1286140812767875
1710364845.5094519,1.2459688716464572
1710364845.5095856,1.283452245924208
1710364845.5097196,1.2403637833065457
1710364845.5098534,1.117404169506497
1710364845.509987,0.9264837370978461
1710364845.5101209,0.6788127289877998
1710364845.5102549,0.3908558024300469
1710364845.5103886,0.07907758984300825
1710364845.5105224,-0.23475655251079136
1710364845.510656,-0.5296620726585388
1710364845.5107899,-0.7884924279318916
1710364845.5109239,-0.9965374072392781
1710364845.5110576,-1.141888697942098
1710364845.5111914,-1.214739481608073
1710364845.5113251,-1.2115871906280518
1710364845.5114589,-1.1306809054480658
1710364845.5115929,-0.981126692559984
1710364845.5117266,-0.7730817132525973
1710364845.5118604,-0.5212561951743232
1710364845.5119941,-0.23930973476833767
1710364845.512128,0.054555713302559324
1710364845.5122619,0.3421623508135478
1710364845.5123956,0.6041961908340454
1710364845.5125294,0.8269949754079182
1710364845.5126631,0.9968965583377414
1710364845.512797,1.1040922005971272
1710364845.5129309,1.1387732293870714
1710364845.5130646,1.1005891031689115
1710364845.5131984,0.9888394011391534
1710364845.5133324,0.8140334155824449
1710364845.5134661,0.5859798855251735
1710364845.5135999,0.31904170910517377
1710364845.5137336,0.02898289304640558
1710364845.5138674,-0.2666287620862325
1710364845.5140014,-0.547874735461341
1710364845.5141351,-0.8004007074568007
1710364845.5142689,-1.0108974244859483
1710364845.5144026,-1.1653550465901692
1710364845.5145366,-1.2557180722554524
1710364845.5146704,-1.2707784440782335
1710364845.5148041,-1.2133385075463188
1710364845.5149379,-1.0837481419245403
1710364845.5150716,-0.8918144305547078
1710364845.5152056,-0.6487450334760878
1710364845.5153394,-0.3706512517399258
1710364845.5154731,-0.06979160010814667
1710364845.5156069,0.2335654530260298
1710364845.5157406,0.5176689558558993
1710364845.5158746,0.7667412360509236
1710364845.5160084,0.9639671776029799
1710364845.5161421,1.1005891031689115
1710364845.516276,1.1625944243537054
1710364845.5164099,1.1482315593295627
1710364845.5165436,1.0536472002665203
1710364845.5166774,0.8907518784205118
1710364845.5168111,0.6679530276192559
1710364845.516945,0.3985626829995049
1710364845.5170789,0.0979944732454088
1710364845.5172126,-0.21269117792447406
1710364845.5173464,-0.511449376742045
1710364845.5174801,-0.7814875576231215
1710364845.5176141,-1.0073949893315632
1710364845.5177479,-1.1734106805589464
1710364845.5178816,-1.2665755218929715
1710364845.5180154,-1.2805853949652777
1710364845.5181491,-1.2094857957628038
1710364845.5182831,-1.0606320699055989
1710364845.518417,-0.8434807591968112
1710364845.5185506,-0.5723918146557277
1710364845.5186844,-0.26487754450904
1710364845.5188181,0.062262589732805886
1710364845.5189521,0.38455016083187527
1710364845.519086,0.6805643108155992
1710364845.5192196,0.9352415800094604
1710364845.5193534,1.1324675877888997
1710364845.5194874,1.2582298119862874
1710364845.5196211,1.3048213058047824
1710364845.519755,1.2690895133548312
1710364845.5198886,1.1517347229851616
1710364845.5200224,0.9639671776029799
1710364845.5201564,0.7176974746916029
1710364845.5202901,0.4290398624208238
1710364845.520424,0.1158604191409217
1710364845.5205576,-0.2028843429353502
1710364845.5206916,-0.5016425251960754
1710364845.5208254,-0.7653762896855671
1710364845.5209591,-0.9779744678073459
1710364845.521093,-1.1254272196027968
1710364845.5212266,-1.1979277928670247
1710364845.5213606,-1.1909227901034884
1710364845.5214944,-1.1051130294799805
1710364845.5216281,-0.9471529722213745
1710364845.521762,-0.7296514511108398
1710364845.5218956,-0.466968384053972
1710364845.5220296,-0.17451458507113987
1710364845.5221634,0.1302232344945272
1710364845.5222971,0.42448580265045166
1710364845.522431,0.6921246316697862
1710364845.522565,0.9177259604136149
1710364845.5226986,1.0883281628290813
1710364845.5228324,1.1923710505167644
1710364845.5229661,1.2231985727945964
1710364845.5231,1.1776578426361084
1710364845.523234,1.0585516028934054
1710364845.5233676,0.8756883939107258
1710364845.5235014,0.6406286689970229
1710364845.5236351,0.36703454123602974
1710364845.5237691,0.07172102729479472
1710364845.523903,-0.22740143868658277
1710364845.5240366,-0.5086474286185371
1710364845.5241704,-0.7601226700676812
1710364845.5243042,-0.9653657012515597
1710364845.5244381,-1.1145696375105116
1710364845.524572,-1.1972272396087646
1710364845.5247056,-1.2084350321027968
1710364845.5248394,-1.1457414097256131
1710364845.5249734,-1.0143998596403334
1710364845.5251071,-0.822816358672248
1710364845.525241,-0.58394988377889
1710364845.5253747,-0.3114599982897441
1710364845.5255084,-0.01970670082502895
1710364845.5256424,0.27245014905929565
1710364845.5257761,0.5442926949924892
1710364845.52591,0.7814543114768134
1710364845.5260437,0.968521237373352
1710364845.5261774,1.0932325654559665
1710364845.5263114,1.1482315593295627
1710364845.5264452,1.1272128423055012
1710364845.526579,1.0305265585581462
1710364845.5267127,0.8662299977408515
1710364845.5268466,0.6441317664252387
1710364845.5269804,0.3782445523473951
1710364845.5271142,0.08258072038491567
1710364845.527248,-0.22284825642903644
1710364845.5273817,-0.5170532729890611
1710364845.5275156,-0.7839392291174995
1710364845.5276494,-1.0080954763624403
1710364845.5277832,-1.1741111013624403
1710364845.527917,-1.2707784440782335
1710364845.528051,-1.2896916601392958
1710364845.5281847,-1.2266476949055989
1710364845.5283184,-1.0865501562754314
1710364845.5284522,-0.8785051769680446
1710364845.528586,-0.6168728404574924
1710364845.52872,-0.3160131639904446
1710364845.5288537,0.005161637026402685
1710364845.5289874,0.325697660446167
1710364845.5291212,0.6224124299155341
1710364845.529255,0.8788412147098117
1710364845.529389,1.0792200432883368
1710364845.5295227,1.210937632454766
1710364845.5296564,1.264535453584459
1710364845.5297902,1.2354595131344266
1710364845.5299242,1.1251109176211886
1710364845.530058,0.9436490800645616
1710364845.5301917,0.7015830940670437
1710364845.5303254,0.41607830259535045
1710364845.5304592,0.1039497885439131
1710364845.5305932,-0.2158433695634206
1710364845.530727,-0.5181040035353767
1710364845.5308607,-0.7853402031792535
1710364845.5309944,-1.0031920671463013
1710364845.5311284,-1.155898438559638
1710364845.5312622,-1.232952144410875
1710364845.531396,-1.2294496430291069
1710364845.5315297,-1.1443404356638591
1710364845.5316634,-0.985329614745246
1710364845.5317974,-0.7643255922529433
1710364845.5319312,-0.49673911597993636
1710364845.532065,-0.19868142075008816
1710364845.5321987,0.1120069788561927
1710364845.5323324,0.4132757915390862
1710364845.5324664,0.6861693329281277
1710364845.5326002,0.9156240357293023
1710364845.532734,1.087977819972568
1710364845.5328677,1.1923710505167644
1710364845.5330017,1.2217972013685439
1710364845.5331354,1.172753440009223
1710364845.5332692,1.0483925210105047
1710364845.533403,0.8599243561426798
1710364845.5335367,0.6185589896308051
1710364845.5336707,0.3383089105288188
1710364845.5338044,0.036339457664224833
1710364845.5339382,-0.2673292491171095
1710364845.534072,-0.5524279342757331
1710364845.534206,-0.8046036296420627
1710364845.5343397,-1.0098466608259413
1710364845.5344734,-1.155898438559638
1710364845.5346072,-1.234703328874376
1710364845.534741,-1.2410077783796523
1710364845.534875,-1.1727101273006864
1710364845.5350087,-1.0371657212575276
1710364845.5351424,-0.8420797851350572
1710364845.5352762,-0.6021626128090752
1710364845.5354102,-0.3303731812371148
1710364845.535544,-0.03932036873367097
1710364845.5356777,0.24932950735092163
1710364845.5358114,0.5176689558558993
1710364845.5359452,0.7495758930842081
1710364845.5360792,0.9317384163538615
1710364845.536213,1.0536472002665203
1710364845.5363467,1.1044425434536405
1710364845.5364804,1.0813219017452664
1710364845.5366142,0.9842853413687812
1710364845.5367482,0.8210396766662598
1710364845.536882,0.602444609006246
1710364845.5370157,0.3404107689857483
1710364845.5371494,0.0500016493929757
1710364845.5372834,-0.24876632624202305
1710364845.5374172,-0.5373674299981859
1710364845.537551,-0.7997002204259236
1710364845.5376847,-1.0203539662890964
1710364845.5378184,-1.1839179197947185
1710364845.5379524,-1.2805853949652777
1710364845.5380862,-1.301600005891588
1710364845.53822,-1.2441599369049072
1710364845.5383537,-1.1096662282943726
1710364845.5384877,-0.907925632264879
1710364845.5386214,-0.6539987193213569
1710364845.5387552,-0.3580424520704481
1710364845.538889,-0.04142183396551344
1710364845.5390227,0.277704828315311
1710364845.5391567,0.5751202503840128
1710364845.5392904,0.8343515131208632
1710364845.5394242,1.0389340586132474
1710364845.539558,1.1773074997795951
1710364845.5396917,1.2379116482204862
1710364845.5398257,1.2175934844546847
1710364845.5399594,1.1160027980804443
1710364845.5400932,0.9408465358946059
1710364845.540227,0.7064874304665459
1710364845.540361,0.42448580265045166
1710364845.5404947,0.1158604191409217
1710364845.5406284,-0.20463556051254272
1710364845.5407622,-0.506545967525906
1710364845.540896,-0.7776348458396064
1710364845.54103,-0.9993393553627862
1710364845.5411637,-1.157649623023139
1710364845.5412974,-1.2399570147196453
1710364845.5414312,-1.2399570147196453
1710364845.5415652,-1.155898438559638
1710364845.541699,-0.9961871306101481
1710364845.5418327,-0.7723812262217203
1710364845.5419664,-0.4991908205880059
1710364845.5421002,-0.19342775146166483
1710364845.5422342,0.12742073171668583
1710364845.542368,0.4381479819615682
1710364845.5425017,0.7208502292633057
1710364845.5426354,0.9597634606891208
1710364845.5427694,1.1398241255018446
1710364845.5429032,1.249822245703803
1710364845.543037,1.2824013498094347
1710364845.5431707,1.2351091702779133
1710364845.5433044,1.110748185051812
1710364845.5434384,0.9194774760140313
1710364845.5435722,0.6742586692174276
1710364845.543706,0.38980487320158214
1710364845.5438397,0.0839819676346249
1710364845.5439734,-0.22424923049079046
1710364845.5441074,-0.511449376742045
1710364845.5442412,-0.7643255922529433
1710364845.544375,-0.9674671623441908
1710364845.5445087,-1.1089657412634955
1710364845.5446427,-1.1804155508677165
1710364845.5447764,-1.1776136027442083
1710364845.5449102,-1.1005598968929715
1710364845.545044,-0.9555588165918986
1710364845.5451777,-0.752067036098904
1710364845.5453117,-0.505495203865899
1710364845.5454454,-0.2284521692328983
1710364845.5455792,0.06156196196873982
1710364845.545713,0.34671641058391994
1710364845.545847,0.6087502506044176
1710364845.5459807,0.8329502741495768
1710364845.5461144,1.0060046778784857
1710364845.5462482,1.1167034837934706
1710364845.546382,1.1559384398990207
1710364845.546516,1.122308439678616
1710364845.5466497,1.0158134831322563
1710364845.5467834,0.845211214489407
1710364845.5469172,0.6213614675733778
1710364845.547051,0.3572258022096422
1710364845.547185,0.0671669633852111
1710364845.5473187,-0.2295028997792138
1710364845.5474524,-0.5142513248655531
1710364845.5475862,-0.7709802521599664
1710364845.5477202,-0.986030101776123
1710364845.547854,-1.14609162012736
1710364845.5479877,-1.2396068043178983
1710364845.5481215,-1.2602712048424614
1710364845.5482552,-1.2056330839792888
1710364845.5483892,-1.0770935482449002
1710364845.548523,-0.8851597706476847
1710364845.5486567,-0.6396387020746866
1710364845.5487905,-0.3562912344932556
1710364845.5489244,-0.05087842129998737
1710364845.5490582,0.25703638792037964
1710364845.549192,0.5456939670774672
1710364845.5493257,0.7972184154722426
1710364845.5494595,0.9975971778233845
1710364845.5495934,1.1342191696166992
1710364845.5497272,1.1965747674306233
1710364845.549861,1.1790590816073947
1710364845.5499947,1.0823728640874226
1710364845.5501285,0.9138725201288859
1710364845.5502625,0.6858189900716146
1710364845.5503962,0.4115242428249783
1710364845.55053,0.10710260106457604
1710364845.5506637,-0.207787768708335
1710364845.5507977,-0.5093479156494141
1710364845.5509315,-0.7814875576231215
1710364845.5510652,-1.0066945023006864
1710364845.551199,-1.1695579687754314
1710364845.5513327,-1.2599209944407146
1710364845.5514667,-1.2679764959547255
1710364845.5516005,-1.1926741070217557
1710364845.5517342,-1.0389169057210286
1710364845.551868,-0.8193139235178629
1710364845.552002,-0.547174248430464
1710364845.5521357,-0.24071070883009169
1710364845.5522695,0.08328134814898173
1710364845.5524032,0.3996136122279697
1710364845.552537,0.6896724303563436
1710364845.552671,0.9373434384663899
1710364845.5528047,1.125461260477702
1710364845.5529385,1.2431662612491183
1710364845.5530722,1.2827516926659477
1710364845.5532062,1.2400135729047987
1710364845.55334,1.11845506562127
1710364845.5534737,0.9275346994400024
1710364845.5536075,0.6805643108155992
1710364845.5537412,0.3922570414013333
1710364845.5538752,0.08117946485678355
1710364845.554009,-0.23440630899535284
1710364845.5541427,-0.5296620726585388
1710364845.5542765,-0.7884924279318916
1710364845.5544102,-0.9979383813010322
1710364845.5545442,-1.143289672003852
1710364845.554678,-1.2168408764733207
1710364845.5548117,-1.2133385075463188
1710364845.5549455,-1.1320818795098198
1710364845.5550795,-0.981476902961731
1710364845.5552132,-0.7737822002834743
1710364845.555347,-0.5202054646280077
1710364845.5554807,-0.23790876070658365
1710364845.5556145,0.05805883970525529
1710364845.5557485,0.34636610084109837
1710364845.5558822,0.6094508700900607
1710364845.556016,0.8322496546639336
1710364845.5561497,1.0028518570793998
1710364845.5562837,1.1089966032240126
1710364845.5564175,1.14542908138699
1710364845.5565512,1.1054935057957966
1710364845.556685,0.9933934609095255
1710364845.5568187,0.8168358935250176
1710364845.5569527,0.5880818102094862
1710364845.5570865,0.32044298119015163
1710364845.5572202,0.026881018032630283
1710364845.557354,-0.2697809702820248
1710364845.5574877,-0.5524279342757331
1710364845.5576217,-0.8063548803329468
1710364845.5577555,-1.0175520181655884
1710364845.5578892,-1.1727101273006864
1710364845.558023,-1.2623725997077093
1710364845.558157,-1.2805853949652777
1710364845.5582907,-1.223145325978597
1710364845.5584245,-1.0949560006459553
1710364845.5585582,-0.9037227100796169
1710364845.558692,-0.6620542870627509
1710364845.558826,-0.38326005140940345
1710364845.5589597,-0.08275063501463996
1710364845.5590935,0.22060387664371067
1710364845.5592272,0.504707396030426
1710364845.5593612,0.7541299528545803
1710364845.559495,0.9534578190909492
1710364845.5596287,1.0886785056855943
1710364845.5597625,1.1517347229851616
1710364845.5598962,1.138072543674045
1710364845.5600302,1.0455900430679321
1710364845.560164,0.8830449978510538
1710364845.5602977,0.6598958704206679
1710364845.5604315,0.3912061121728685
1710364845.5605652,0.0920391579469045
1710364845.5606992,-0.21829509072833592
1710364845.560833,-0.5170532729890611
1710364845.5609667,-0.7881421513027614
1710364845.5611005,-1.0147500700420804
1710364845.5612345,-1.1807657612694633
1710364845.5613682,-1.2749813662634955
1710364845.561502,-1.2896916601392958
1710364845.5616357,-1.219993167453342
1710364845.5617695,-1.0711393753687541
1710364845.5619035,-0.8550388283199734
1710364845.5620372,-0.585000647438897
1710364845.562171,-0.27783658769395614
1710364845.5623047,0.04895071188608805
1710364845.5624387,0.3719389107492235
1710364845.5625725,0.6697046094470553
1710364845.5627062,0.9240315357844034
1710364845.56284,1.1233594682481554
1710364845.5629737,1.249822245703803
1710364845.5631077,1.2985156642066107
1710364845.5632415,1.2634844250149198
1710364845.5633752,1.1482315593295627
1710364845.563509,0.9611646996604072
1710364845.563643,0.7159458928638034
1710364845.5637767,0.42868955267800224
1710364845.5639105,0.11551010111967722
1710364845.5640442,-0.2018336123890347
1710364845.564178,-0.5012922816806369
1710364845.564312,-0.7639753156238132
1710364845.5644457,-0.9762232171164619
1710364845.5645795,-1.1236760351392958
1710364845.5647132,-1.1972272396087646
1710364845.564847,-1.1902223692999945
1710364845.564981,-1.1040623320473564
1710364845.5651147,-0.9461022747887505
1710364845.5652485,-0.7300016615125868
1710364845.5653822,-0.46801911460028756
1710364845.5655162,-0.17486482858657837
1710364845.56565,0.12882197896639505
1710364845.5657837,0.42273425393634373
1710364845.5659175,0.6893221537272135
1710364845.5660512,0.9142227967580159
1710364845.5661852,1.083774103058709
1710364845.566319,1.187466647889879
1710364845.5664527,1.218294170167711
1710364845.5665865,1.1713522010379367
1710364845.5667205,1.0532969236373901
1710364845.5668542,0.8704337146547105
1710364845.566988,0.6353739897410074
1710364845.5671217,0.36318110095130074
1710364845.5672555,0.06786759114927715
1710364845.5673895,-0.22985314329465228
1710364845.5675232,-0.5103986461957296
1710364845.567657,-0.7601226700676812
1710364845.5677907,-0.9650154246224297
1710364845.5679245,-1.1124682426452637
1710364845.5680585,-1.1937248706817627
1710364845.5681922,-1.2038818995157878
1710364845.568326,-1.140837934282091
1710364845.5684597,-1.0087959633933172
1710364845.5685937,-0.8175626728269789
1710364845.5687275,-0.5783459875318739
1710364845.5688612,-0.3062063455581665
1710364845.568995,-0.014102796299590005
1710364845.5691288,0.27735451857248944
1710364845.5692627,0.5498977171050178
1710364845.5693965,0.7867089907328287
1710364845.5695302,0.9744766023423936
1710364845.569664,1.0998884836832683
1710364845.569798,1.1545372009277344
1710364845.5699317,1.1342191696166992
1710364845.5700655,1.0396346780988905
1710364845.5701993,0.8753381172815958
1710364845.570333,0.6546411911646525
1710364845.570467,0.39015518294440377
1710364845.5706007,0.09554228848881191
1710364845.5707345,-0.21058971683184305
1710364845.5708683,-0.5037439862887064
1710364845.571002,-0.7706299755308363
1710364845.571136,-0.9958369202084011
1710364845.5712698,-1.1629033088684082
1710364845.5714035,-1.2602712048424614
1710364845.5715373,-1.2805853949652777
1710364845.5716712,-1.219993167453342
1710364845.571805,-1.082347167862786
1710364845.5719388,-0.8760534392462836
1710364845.5720725,-0.6151215897666084
1710364845.5722063,-0.31636344061957467
1710364845.5723403,0.004110699260814322
1710364845.572474,0.3239460786183675
1710364845.5726078,0.6210111909442477
1710364845.5727415,0.8770896991093953
1710364845.5728755,1.0792200432883368
1710364845.5730093,1.2123388714260526
1710364845.573143,1.2662869029574924
1710364845.5732768,1.2393128871917725
1710364845.5734105,1.1310663488176134
1710364845.5735445,0.9503049982918633
1710364845.5736783,0.7096402512656318
1710364845.573812,0.42448580265045166
1710364845.5739458,0.11270759834183587
1710364845.5740798,-0.20743752519289652
1710364845.5742135,-0.5096981591648525
1710364845.5743473,-0.7786856094996134
1710364845.574481,-0.9972378942701552
1710364845.5746148,-1.150995095570882
1710364845.5747488,-1.230150196287367
1710364845.5748825,-1.2280486689673529
1710364845.5750163,-1.1439900928073459
1710364845.57515,-0.9856798251469929
1710364845.5752838,-0.7653762896855671
1710364845.5754178,-0.4981400900416904
1710364845.5755515,-0.19938190778096515
1710364845.5756853,0.11130635109212664
1710364845.575819,0.4136261012819078
1710364845.575953,0.6879208485285441
1710364845.5760868,0.9191271993849013
1710364845.5762205,1.091831260257297
1710364845.5763543,1.1990269025166829
1710364845.576488,1.2288035286797416
1710364845.576622,1.1811610062917073
1710364845.5767558,1.0582012600368924
1710364845.5768895,0.8707840575112237
1710364845.5770233,0.6290683481428359
1710364845.5771573,0.34951892164018417
1710364845.577291,0.04860039800405502
1710364845.5774248,-0.2547204660044776
1710364845.5775585,-0.5391186475753784
1710364845.5776923,-0.7916446526845295
1710364845.5778263,-0.9965374072392781
1710364845.57796,-1.143289672003852
1710364845.5780938,-1.221394141515096
1710364845.5782275,-1.2273482481638591
1710364845.5783613,-1.1594009399414062
1710364845.5784953,-1.0235061910417345
1710364845.578629,-0.830171439382765
1710364845.5787628,-0.5899040566550361
1710364845.5788965,-0.31846490171220565
1710364845.5790305,-0.029863779329591326
1710364845.5791643,0.2573866976632012
1710364845.579298,0.5232739448547363
1710364845.5794318,0.7537796099980671
1710364845.5795655,0.9345409605238173
1710364845.5796995,1.0536472002665203
1710364845.5798333,1.103391581111484
1710364845.579967,1.0788697004318237
1710364845.5801008,0.9807821777131822
1710364845.5802348,0.8161352740393745
1710364845.5803685,0.5954383479224311
1710364845.5805023,0.3327039215299818
1710364845.580636,0.041944459080696106
1710364845.5807698,-0.25787265764342415
1710364845.5809038,-0.546473761399587
1710364845.5810375,-0.8084563414255778
1710364845.5811713,-1.0298105743196275
1710364845.581305,-1.1937248706817627
1710364845.5814388,-1.2907424237993028
1710364845.5815728,-1.3117570347256131
1710364845.5817065,-1.2536165449354384
1710364845.5818403,-1.1194731129540336
1710364845.581974,-0.9177325169245402
1710364845.582108,-0.6627547740936279
1710364845.5822418,-0.36749906010097927
1710364845.5823755,-0.049827690753671855
1710364845.5825093,0.2689470185173882
1710364845.582643,0.5670630269580417
1710364845.582777,0.8266446325514052
1710364845.5829108,1.0326284832424588
1710364845.5830445,1.17170254389445
1710364845.5831783,1.233707931306627
1710364845.5833123,1.2133897675408256
1710364845.583446,1.1124997668796115
1710364845.5835798,0.9383944008085463
1710364845.5837135,0.7033346096674601
1710364845.5838473,0.42273425393634373
1710364845.5839813,0.11340822610590193
1710364845.584115,-0.205686307615704
1710364845.5842488,-0.5086474286185371
1710364845.5843825,-0.7793860965304904
1710364845.5845165,-1.0014408164554172
1710364845.5846503,-1.1601013607449002
1710364845.584784,-1.2417081991831462
1710364845.5849178,-1.2424087524414062
1710364845.5850515,-1.159050597084893
1710364845.5851855,-0.9989890787336562
1710364845.5853193,-0.7748328977160983
1710364845.585453,-0.5009420381651984
1710364845.5855868,-0.19412823849254185
1710364845.5857205,0.12742073171668583
1710364845.5858545,0.4384983248180813
1710364845.5859883,0.7222515344619751
1710364845.586122,0.9618653191460503
1710364845.5862558,1.1429769463009305
1710364845.5863898,1.2536757522159152
1710364845.5865235,1.28730575243632
1710364845.5866573,1.2400135729047987
1710364845.586791,1.114951901965671
1710364845.5869248,0.9254327747556899
1710364845.5870588,0.6791630718443129
1710364845.5871925,0.39540986220041907
1710364845.5873263,0.08888634542624156
1710364845.58746,-0.2189955777592129
1710364845.587594,-0.5079469415876601
1710364845.5877278,-0.7604728804694282
1710364845.5878615,-0.9643149375915527
1710364845.5879953,-1.1072144905726116
1710364845.588129,-1.1783140235477023
1710364845.588263,-1.1758624182807074
1710364845.5883968,-1.0974076721403334
1710364845.5885305,-0.9520563814375136
1710364845.5886643,-0.749265087975396
1710364845.588798,-0.5019927687115139
1710364845.588932,-0.22424923049079046
1710364845.5890658,0.0671669633852111
1710364845.5891995,0.35337236192491317
1710364845.5893333,0.6157565116882324
1710364845.5894673,0.8406571547190348
1710364845.589601,1.0151127974192302
1710364845.5897348,1.126161946190728
1710364845.5898685,1.1671484841240776
1710364845.5900023,1.133868826760186
1710364845.5901363,1.0277240806155734
1710364845.59027,0.8574721548292372
1710364845.5904038,0.633622407913208
1710364845.5905375,0.3694867425494724
1710364845.5906715,0.0801285273498959
1710364845.5908053,-0.2168941166665819
1710364845.590939,-0.5012922816806369
1710364845.5910728,-0.7580212089750502
1710364845.5912066,-0.9727207819620768
1710364845.5913405,-1.1320818795098198
1710364845.5914743,-1.226297484503852
1710364845.591608,-1.2480126486884222
1710364845.5917418,-1.1923238966200087
1710364845.5918756,-1.064134505059984
1710364845.5920095,-0.8718505170610216
1710364845.5921433,-0.6270299355189005
1710364845.592277,-0.344032711452908
1710364845.5924108,-0.038970125218232475
1710364845.5925448,0.2682463990317451
1710364845.5926785,0.5562033255894979
1710364845.5928123,0.8073774973551432
1710364845.592946,1.0074059830771551
1710364845.5930798,1.1429769463009305
1710364845.5932138,1.2049822012583415
1710364845.5933475,1.187116305033366
1710364845.5934813,1.0897294018003676
1710364845.593615,0.9219296773274739
1710364845.593749,0.6931755940119425
1710364845.5938828,0.4181801941659715
1710364845.5940166,0.11410885386996798
1710364845.5941503,-0.20043263832728067
1710364845.594284,-0.502693255742391
1710364845.594418,-0.7737822002834743
1710364845.5945518,-0.9986388683319092
1710364845.5946856,-1.1629033088684082
1710364845.5948193,-1.2518653604719374
1710364845.5949533,-1.2599209944407146
1710364845.595087,-1.1846184730529785
1710364845.5952208,-1.0315618250105116
1710364845.5953546,-0.8116084999508327
1710364845.5954883,-0.540169378121694
1710364845.5956223,-0.23405606547991434
1710364845.595756,0.08923665516906314
1710364845.5958898,0.4055689109696282
1710364845.5960236,0.6945768329832289
1710364845.5961573,0.9408465358946059
1710364845.5962913,1.1293147669898138
1710364845.596425,1.2459688716464572
1710364845.5965588,1.2841529316372342
1710364845.5966926,1.2407141261630588
1710364845.5968266,1.11845506562127
1710364845.5969603,0.9275346994400024
1710364845.597094,0.679863691329956
1710364845.5972278,0.39155642191569007
1710364845.5973616,0.0797782176070743
1710364845.5974956,-0.23475655251079136
1710364845.5976293,-0.5286113421122233
1710364845.597763,-0.7881421513027614
1710364845.5978968,-0.9961871306101481
1710364845.5980308,-1.140487723880344
1710364845.5981646,-1.212988297144572
1710364845.5982983,-1.2080848217010498
1710364845.598432,-1.1264779832628038
1710364845.5985658,-0.9748222430547078
1710364845.5986998,-0.7657265663146973
1710364845.5988336,-0.512850350803799
1710364845.5989673,-0.2291526562637753
1710364845.599101,0.06646633976035647
1710364845.5992348,0.3537226716677348
1710364845.5993688,0.6157565116882324
1710364845.5995026,0.8378546767764621
1710364845.5996363,1.0067052973641288
1710364845.59977,1.1124997668796115
1710364845.599904,1.14542908138699
1710364845.6000378,1.1051431629392836
1710364845.6001716,0.991291602452596
1710364845.6003053,0.8140334155824449
1710364845.600439,0.5842283699247572
1710364845.600573,0.3158888883060879
1710364845.6007068,0.02407851732439465
1710364845.6008406,-0.27363364895184833
1710364845.6009743,-0.5552298823992411
1710364845.6011083,-0.8084563414255778
1710364845.601242,-1.0196534792582195
1710364845.6013758,-1.1730604701571994
1710364845.6015096,-1.2620223893059623
1710364845.6016433,-1.2791844209035237
1710364845.6017773,-1.221394141515096
1710364845.601911,-1.0928545395533245
1710364845.6020448,-0.9023217360178629
1710364845.6021786,-0.6613538000318739
1710364845.6023123,-0.38326005140940345
1710364845.6024463,-0.08450185259183247
1710364845.60258,0.21815169188711378
1710364845.6027138,0.500853955745697
1710364845.6028476,0.7478243112564087
1710364845.6029816,0.9450503190358479
1710364845.6031153,1.0795703199174669
1710364845.603249,1.141225364473131
1710364845.6033828,1.126161946190728
1710364845.6035166,1.033329102728102
1710364845.6036506,0.8697330951690674
1710364845.6037843,0.6469343105951945
1710364845.603918,0.3782445523473951
1710364845.6040518,0.07907758984300825
1710364845.6041858,-0.2305536303255293
1710364845.6043196,-0.5282610985967848
1710364845.6044533,-0.7986495229932997
1710364845.604587,-1.0238564676708646
1710364845.6047208,-1.1898721588982475
1710364845.6048548,-1.2833873430887859
1710364845.6049886,-1.2963463200463188
1710364845.6051223,-1.226297484503852
1710364845.605256,-1.078144245677524
1710364845.60539,-0.8609929349687364
1710364845.6055238,-0.5906045436859131
1710364845.6056576,-0.2830902404255337
1710364845.6057913,0.043345710469616786
1710364845.605925,0.3666842314932081
1710364845.606059,0.6640995873345269
1710364845.6061928,0.9194774760140313
1710364845.6063266,1.1167034837934706
1710364845.6064603,1.2449178430769179
1710364845.606594,1.2925603654649522
1710364845.606728,1.257178783416748
1710364845.6068618,1.1426266034444172
1710364845.6069956,0.9555596775478786
1710364845.6071293,0.7106912136077881
1710364845.6072633,0.4230845636791653
1710364845.607397,0.11060572332806057
1710364845.6075308,-0.20708728167745802
1710364845.6076646,-0.5051449603504604
1710364845.6077983,-0.7681782378090752
1710364845.6079323,-0.9797256522708468
1710364845.608066,-1.1271784040662978
1710364845.6081998,-1.1996789773305256
1710364845.6083336,-1.1926741070217557
1710364845.6084676,-1.1061637931399875
1710364845.6086013,-0.9482037358813815
1710364845.608735,-0.7314026355743408
1710364845.6088688,-0.46836935811572605
1710364845.6090026,-0.17696628967920938
1710364845.6091366,0.12707042197386423
1710364845.6092703,0.42098267210854423
1710364845.609404,0.6875705718994141
1710364845.6095378,0.9131718344158596
1710364845.6096716,1.0827231407165527
1710364845.6098056,1.1860654089185927
1710364845.6099393,1.2168929311964247
1710364845.610073,1.1706516477796767
1710364845.6102068,1.0522459612952337
1710364845.6103408,0.8690324756834242
1710364845.6104746,0.6343230273988512
1710364845.6106083,0.36213017172283596
1710364845.610742,0.06751727726724413
1710364845.6108758,-0.2309038738409678
1710364845.6110098,-0.510748889711168
1710364845.6111436,-0.7615236441294352
1710364845.6112773,-0.9643149375915527
1710364845.611411,-1.1114174789852567
1710364845.611545,-1.1933745278252494
1710364845.6116788,-1.2038818995157878
1710364845.6118126,-1.140487723880344
1710364845.6119463,-1.0084456867641873
1710364845.61208,-0.8175626728269789
1710364845.612214,-0.5786961979336208
1710364845.6123478,-0.3062063455581665
1710364845.6124816,-0.012701820168230269
1710364845.6126153,0.27875575754377574
1710364845.612749,0.5519995755619472
1710364845.612883,0.7881102959314982
1710364845.6130168,0.9779796997706095
1710364845.6131506,1.1044425434536405
1710364845.6132843,1.160842842525906
1710364845.6134183,1.141225364473131
1710364845.613552,1.0462906625535753
1710364845.6136858,0.8847965796788533
1710364845.6138196,0.6655008925331963
1710364845.6139534,0.4017155037985908
1710364845.6140873,0.10815353857146369
1710364845.614221,-0.19622971614201862
1710364845.6143548,-0.4897342456711663
1710364845.6144886,-0.7566202349132961
1710364845.6146226,-0.980776415930854
1710364845.6147563,-1.148893568250868
1710364845.61489,-1.2462614642249212
1710364845.6150239,-1.2676262855529785
1710364845.6151576,-1.2073842684427898
1710364845.6152916,-1.070438888337877
1710364845.6154253,-0.8651958571539985
1710364845.615559,-0.6049645609325832
1710364845.6156929,-0.3062063455581665
1710364845.6158268,0.01356913915110959
1710364845.6159606,0.3330542312728034
1710364845.6160944,0.629768967628479
1710364845.616228,0.8868984381357828
1710364845.6163619,1.0890287823147244
1710364845.6164958,1.2224978870815701
1710364845.6166296,1.2774969471825492
1710364845.6167634,1.2505229314168294
1710364845.616897,1.1422762605879042
1710364845.6170309,0.9618653191460503
1710364845.6171649,0.721901191605462
1710364845.6172986,0.4370970527331034
1710364845.6174324,0.1253188567029105
1710364845.617566,-0.19517898559570312
1710364845.6177,-0.4981400900416904
1710364845.6178339,-0.7681782378090752
1710364845.6179676,-0.986730588807
1710364845.6181014,-1.141188144683838
1710364845.618235,-1.220693588256836
1710364845.618369,-1.218942403793335
1710364845.6185029,-1.1355842484368217
1710364845.6186366,-0.9776241911782159
1710364845.6187704,-0.7573207219441731
1710364845.6189044,-0.4904347327020433
1710364845.619038,-0.1916765338844723
1710364845.6191719,0.12006416916847229
1710364845.6193056,0.4223839441935221
1710364845.6194394,0.6956277290980021
1710364845.6195734,0.9271843565834893
1710364845.619707,1.1005891031689115
1710364845.6198409,1.2067337830861409
1710364845.6199746,1.2365104092491996
1710364845.6201084,1.188167201148139
1710364845.6202424,1.0648572444915771
1710364845.620376,0.8763890133963691
1710364845.6205099,0.6357242663701376
1710364845.6206436,0.3547736008961995
1710364845.6207776,0.05350477579567167
1710364845.6209114,-0.25086778733465404
1710364845.621045,-0.5349157253901163
1710364845.6211789,-0.7870914538701375
1710364845.6213126,-0.9923344850540161
1710364845.6214466,-1.137685775756836
1710364845.6215804,-1.216490666071574
1710364845.621714,-1.221394141515096
1710364845.6218479,-1.15309649043613
1710364845.6219819,-1.0172018077638414
1710364845.6221156,-0.822816358672248
1710364845.6222494,-0.583599673377143
1710364845.622383,-0.31286097235149807
1710364845.6225169,-0.02496036183502939
1710364845.6226509,0.26053951846228707
1710364845.6227846,0.5253758364253573
1710364845.6229184,0.7537796099980671
1710364845.6230521,0.9324390358395046
1710364845.6231859,1.0501441028383043
1710364845.6233199,1.0977866252263386
1710364845.6234536,1.0711628198623657
1710364845.6235874,0.9713237815433078
1710364845.6237211,0.8042246765560573
1710364845.623855,0.583527750439114
1710364845.6239889,0.3197423285908169
1710364845.6241226,0.02898289304640558
1710364845.6242564,-0.27153218785921734
1710364845.6243901,-0.5597830480999416
1710364845.624524,-0.8210651079813639
1710364845.6246579,-1.0410183668136597
1710364845.6247916,-1.2052828735775418
1710364845.6249254,-1.301249795489841
1710364845.6250594,-1.321563853157891
1710364845.625193,-1.2637735737694633
1710364845.6253269,-1.1292799313863118
1710364845.6254606,-0.9285900327894423
1710364845.6255944,-0.6725616587532891
1710364845.6257284,-0.37835660907957286
1710364845.6258621,-0.061035499804549746
1710364845.6259959,0.2573866976632012
1710364845.6261296,0.5551523963610331
1710364845.6262636,0.8143836922115749
1710364845.6263974,1.0200172000461154
1710364845.6265311,1.1587410502963595
1710364845.6266649,1.2207463052537706
1710364845.6267986,1.2011288272009955
1710364845.6269326,1.1005891031689115
1710364845.6270664,0.9268340799543593
1710364845.6272001,0.6928252511554294
1710364845.6273339,0.4132757915390862
1710364845.6274676,0.10359947052266863
1710364845.6276016,-0.2144423955016666
1710364845.6277354,-0.5184542470508151
1710364845.6278691,-0.7895431253645155
1710364845.628003,-1.0115979115168254
1710364845.6281369,-1.1692077583736844
1710364845.6282706,-1.2522155708736844
1710364845.6284044,-1.2525657812754314
1710364845.6285381,-1.1695579687754314
1710364845.628672,-1.0098466608259413
1710364845.6288059,-0.7849899927775065
1710364845.6289396,-0.5110991332266066
1710364845.6290734,-0.20428531699710423
1710364845.6292071,0.11726166639063093
1710364845.6293411,0.429740481906467
1710364845.6294749,0.7145446538925171
1710364845.6296086,0.9545087814331055
1710364845.6297424,1.1370216475592718
1710364845.6298761,1.2484210067325168
1710364845.6300101,1.2820510069529216
1710364845.630144,1.2361600663926866
1710364845.6302776,1.1124997668796115
1710364845.6304114,0.9212290578418307
1710364845.6305451,0.676010251045227
1710364845.6306791,0.3919067316585117
1710364845.630813,0.08538322316275702
1710364845.6309466,-0.22354874345991346
1710364845.6310804,-0.511449376742045
1710364845.6312144,-0.7657265663146973
1710364845.6313481,-0.9688681364059448
1710364845.631482,-1.1121178997887504
1710364845.6316156,-1.1846184730529785
1710364845.6317494,-1.1821667353312175
1710364845.6318834,-1.1054633061091106
1710364845.6320171,-0.9601120154062907
1710364845.632151,-0.7573207219441731
1710364845.6322846,-0.5100484026802911
1710364845.6324186,-0.23265509141816032
1710364845.6325524,0.057708525823222265
1710364845.6326861,0.3435635897848341
1710364845.63282,0.6055974298053317
1710364845.6329536,0.8308484156926472
1710364845.6330876,1.0046034389071994
1710364845.6332214,1.1156525876786973
1710364845.6333551,1.15698946846856
1710364845.633489,1.1247607072194417
1710364845.633623,1.0196669234169853
1710364845.6337566,0.8508162366019355
1710364845.6338904,0.6280174520280626
1710364845.6340241,0.3652829925219218
1710364845.634158,0.07697571482923296
1710364845.634292,-0.2189955777592129
1710364845.6344256,-0.5016425251960754
1710364845.6345594,-0.7569704453150431
1710364845.6346931,-0.9702691104676988
1710364845.634827,-1.1282291677263048
1710364845.634961,-1.223145325978597
1710364845.6350946,-1.2424087524414062
1710364845.6352284,-1.1870702107747395
1710364845.6353621,-1.057830121782091
1710364845.6354961,-0.8655461337831285
1710364845.63563,-0.6207254860136244
1710364845.6357636,-0.3387790587213304
1710364845.6358974,-0.0326657315923108
1710364845.6360312,0.27455202407307094
1710364845.6361651,0.5618083477020264
1710364845.636299,0.8140334155824449
1710364845.6364326,1.0130109389623005
1710364845.6365664,1.1499831411573622
1710364845.6367004,1.211287842856513
1710364845.6368341,1.1944728427463107
1710364845.636968,1.0967356628841824
1710364845.6371017,0.9289359384112887
1710364845.6372354,0.6998315122392442
1710364845.6373694,0.425887041621738
1710364845.6375031,0.12041447891129388
1710364845.637637,-0.19552922911114162
1710364845.6377707,-0.4981400900416904
1710364845.6379044,-0.7709802521599664
1710364845.6380384,-0.9975881046719021
1710364845.6381721,-1.1625530984666612
1710364845.638306,-1.2532663345336914
1710364845.6384397,-1.2637735737694633
1710364845.6385736,-1.1898721588982475
1710364845.6387074,-1.0371657212575276
1710364845.6388412,-0.8179129494561089
1710364845.638975,-0.546473761399587
1710364845.6391087,-0.23930973476833767
1710364845.6392426,0.0839819676346249
1710364845.6393764,0.4027664330270555
1710364845.6395102,0.6942264901267158
1710364845.639644,0.9418974982367622
1710364845.639778,1.1317669020758734
1710364845.6399117,1.2512234846750896
1710364845.6400454,1.2918598122066922
1710364845.6401792,1.2508731418185763
1710364845.640313,1.129665109846327
1710364845.640447,0.9394452969233195
1710364845.6405807,0.6931755940119425
1710364845.6407144,0.4055689109696282
1710364845.6408482,0.0941410329606798
1710364845.640982,-0.22109703885184392
1710364845.641116,-0.5167030294736227
1710364845.6412497,-0.7769343588087294
1710364845.6413834,-0.986030101776123
1710364845.6415172,-1.1313813262515597
1710364845.6416512,-1.2042321099175346
1710364845.641785,-1.2007297409905326
1710364845.6419187,-1.1194731129540336
1710364845.6420524,-0.9681676493750678
1710364845.6421862,-0.7594221830368042
1710364845.6423202,-0.5051449603504604
1710364845.642454,-0.22179752588272095
1710364845.6425877,0.07347259256574842
1710364845.6427214,0.3614295522371928
1710364845.6428554,0.6245142883724636
1710364845.6429892,0.8469627963172065
1710364845.643123,1.0161637597613864
1710364845.6432567,1.121958229276869
1710364845.6433904,1.1559384398990207
1710364845.6435244,1.114251348707411
1710364845.6436582,1.0011003414789836
1710364845.643792,0.8234918117523193
1710364845.6439257,0.5933364894655015
1710364845.6440597,0.3249970409605238
1710364845.6441934,0.032135705567068525
1710364845.6443272,-0.26487754450904
1710364845.644461,-0.5475244919459025
1710364845.6445947,-0.8021519581476847
1710364845.6447287,-1.0126486089494493
1710364845.6448624,-1.1671062310536702
1710364845.6449962,-1.2574692567189534
1710364845.64513,-1.2749813662634955
1710364845.6452637,-1.217541429731581
1710364845.6453977,-1.0900525914298163
1710364845.6455314,-0.9002202749252319
1710364845.6456652,-0.660653313000997
1710364845.645799,-0.383610294924842
1710364845.645933,-0.0866033136844635
1710364845.6460667,0.21394794185956317
1710364845.6462004,0.4952489336331685
1710364845.6463342,0.741518669658237
1710364845.646468,0.9373434384663899
1710364845.646602,1.0701119237475925
1710364845.6467357,1.1314165592193604
1710364845.6468694,1.114951901965671
1710364845.6470032,1.021768781873915
1710364845.6471372,0.8574721548292372
1710364845.647271,0.6350236468844943
1710364845.6474047,0.3656333022647434
1710364845.6475384,0.0671669633852111
1710364845.6476722,-0.2428121699227227
1710364845.6478062,-0.5405196216371324
1710364845.64794,-0.8109080129199557
1710364845.6480737,-1.0368154446283977
1710364845.6482074,-1.2024809254540336
1710364845.6483412,-1.295996109644572
1710364845.6484752,-1.309305297003852
1710364845.648609,-1.2392565939161513
1710364845.6487427,-1.0911032888624403
1710364845.6488764,-0.8750026755862765
1710364845.6490104,-0.6039137972725762
1710364845.6491442,-0.2967497706413269
1710364845.649278,0.030734456247753568
1710364845.6494117,0.35442329115337795
1710364845.6495454,0.6518386469946967
1710364845.6496794,0.9072165356742011
1710364845.6498132,1.1051431629392836
1710364845.649947,1.2330072455936008
1710364845.6500807,1.2824013498094347
1710364845.6502147,1.2477204534742568
1710364845.6503484,1.13316814104716
1710364845.6504822,0.9468019008636475
1710364845.650616,0.7019333706961738
1710364845.6507497,0.4150273733668857
1710364845.6508837,0.10219822327295938
1710364845.6510174,-0.2154931260479821
1710364845.6511512,-0.5142513248655531
1710364845.651285,-0.7769343588087294
1710364845.6514187,-0.989882747332255
1710364845.6515527,-1.136985222498576
1710364845.6516864,-1.2094857957628038
1710364845.6518202,-1.2035316891140408
1710364845.651954,-1.1166711648305256
1710364845.652088,-0.9587110413445367
1710364845.6522217,-0.7405089669757419
1710364845.6523554,-0.47782593303256565
1710364845.6524892,-0.18502190709114075
1710364845.652623,0.11936354140440622
1710364845.652757,0.4143267538812425
1710364845.6528907,0.6819655497868856
1710364845.6530244,0.9079171551598443
1710364845.6531582,1.0785194238026936
1710364845.6532922,1.1818615595499675
1710364845.653426,1.2126890818277996
1710364845.6535597,1.1671484841240776
1710364845.6536934,1.0483925210105047
1710364845.6538272,0.8651790353986952
1710364845.6539612,0.629768967628479
1710364845.654095,0.3572258022096422
1710364845.6542287,0.06156196196873982
1710364845.6543624,-0.23650777008798388
1710364845.6544964,-0.5170532729890611
1710364845.6546302,-0.7671275403764513
1710364845.654764,-0.9716700845294528
1710364845.6548977,-1.1191227700975206
1710364845.6550314,-1.2003793981340196
1710364845.6551654,-1.2101862165662978
1710364845.6552992,-1.147142383787367
1710364845.655433,-1.0143998596403334
1710364845.6555667,-0.822816358672248
1710364845.6557004,-0.58430016040802
1710364845.6558344,-0.3111097547743055
1710364845.6559682,-0.019356457309590444
1710364845.656102,0.2731507685449388
1710364845.6562357,0.5460442768202888
1710364845.6563697,0.7832058933046129
1710364845.6565034,0.9716740581724379
1710364845.6566372,1.0984872447119818
1710364845.656771,1.153486304812961
1710364845.6569047,1.1349197228749592
1710364845.6570387,1.0406856404410467
1710364845.6571724,0.8784909380806817
1710364845.6573062,0.6598958704206679
1710364845.65744,0.3961104816860623
1710364845.657574,0.10324916077984704
1710364845.6577077,-0.20008239481184217
1710364845.6578414,-0.49288643731011283
1710364845.6579752,-0.7583714193767971
1710364845.658109,-0.982177389992608
1710364845.658243,-1.148893568250868
1710364845.6583767,-1.2455609109666612
1710364845.6585104,-1.2658751010894775
1710364845.6586442,-1.2059832943810356
1710364845.658778,-1.067987216843499
1710364845.658912,-0.8620436986287434
1710364845.6590457,-0.6032133102416992
1710364845.6591794,-0.30375464095009697
1710364845.6593132,0.016021327012115054
1710364845.6594472,0.3362070189581977
1710364845.659581,0.6325715117984347
1710364845.6597147,0.8897009160783556
1710364845.6598485,1.0904300212860107
1710364845.6599822,1.2235487831963432
1710364845.6601162,1.2785478432973225
1710364845.66025,1.2512234846750896
1710364845.6603837,1.1433272891574435
1710364845.6605175,0.9622156620025635
1710364845.6606514,0.7222515344619751
1710364845.6607852,0.4356958137618171
1710364845.660919,0.12426791919602288
1710364845.6610527,-0.19693020317289564
1710364845.6611865,-0.4995410641034444
1710364845.6613204,-0.7692290014690822
1710364845.6614542,-0.987781286239624
1710364845.661588,-1.143289672003852
1710364845.6617217,-1.222444772720337
1710364845.6618555,-1.219993167453342
1710364845.6619895,-1.135934591293335
1710364845.6621232,-0.9769237041473389
1710364845.662257,-0.7562699582841661
1710364845.6623907,-0.4883332716094123
1710364845.6625247,-0.18852434224552578
1710364845.6626585,0.12356729143195681
1710364845.6627922,0.425887041621738
1710364845.662926,0.7005321317248874
1710364845.6630597,0.9320887592103746
1710364845.6631937,1.1054935057957966
1710364845.6633275,1.210587289598253
1710364845.6634612,1.241064469019572
1710364845.663595,1.1923710505167644
1710364845.663729,1.0680099990632799
1710364845.6638627,0.8788412147098117
1710364845.6639965,0.6360746092266506
1710364845.6641302,0.3551239106390211
1710364845.664264,0.052804148031605616
1710364845.664398,-0.2522687613964081
1710364845.6645317,-0.5373674299981859
1710364845.6646655,-0.7895431253645155
1710364845.6647992,-0.9951364331775241
1710364845.6649332,-1.140137513478597
1710364845.665067,-1.2168408764733207
1710364845.6652007,-1.221744351916843
1710364845.6653345,-1.152396069632636
1710364845.6654682,-1.0147500700420804
1710364845.6656022,-0.8193139235178629
1710364845.665736,-0.5772952238718668
1710364845.6658697,-0.30445512798097396
1710364845.6660035,-0.015854016981191106
1710364845.6661372,0.2710488935311635
1710364845.6662712,0.5372864670223659
1710364845.666405,0.7670915126800537
1710364845.6665387,0.9461012813780043
1710364845.6666725,1.0638062821494207
1710364845.6668065,1.1114487383100722
1710364845.6669402,1.0848250654008653
1710364845.667074,0.9839349985122681
1710364845.6672077,0.8182371324963039
1710364845.6673415,0.5961389674080743
1710364845.6674755,0.33095233970218235
1710364845.6676092,0.03844133267800013
1710364845.667743,-0.26137510935465497
1710364845.6678767,-0.5517274472448561
1710364845.6680107,-0.8147607247034708
1710364845.6681445,-1.0350642601648967
1710364845.6682782,-1.2010799513922796
1710364845.668412,-1.2980975045098198
1710364845.6685457,-1.320162879096137
1710364845.6686797,-1.2630731529659696
1710364845.6688135,-1.1310311158498128
1710364845.6689472,-0.9313919809129503
1710364845.669081,-0.6774650679694282
1710364845.6692147,-0.3839605384402805
1710364845.6693487,-0.06804038253095415
1710364845.6694825,0.25038045313623214
1710364845.6696162,0.5467448963059319
1710364845.66975,0.8059761921564738
1710364845.669884,1.0116096999910142
1710364845.6700177,1.1503334840138753
1710364845.6701515,1.2123388714260526
1710364845.6702852,1.1934219466315374
1710364845.670419,1.0925318797429402
1710364845.670553,0.9198278188705444
1710364845.6706867,0.6861693329281277
1710364845.6708205,0.40626956356896293
1710364845.6709542,0.09764416350258721
1710364845.6710882,-0.22004630830552843
1710364845.671222,-0.5233576562669542
1710364845.6713557,-0.7937461137771606
1710364845.6714895,-1.0158008337020874
1710364845.6716232,-1.1744614442189534
1710364845.6717572,-1.2574692567189534
1710364845.671891,-1.2581696775224473
1710364845.6720247,-1.1755120754241943
1710364845.6721585,-1.0158008337020874
1710364845.6722922,-0.7919948630862765
1710364845.6724262,-0.5184542470508151
1710364845.67256,-0.21164044737815857
1710364845.6726937,0.10990510384241739
1710364845.6728275,0.422033601337009
1710364845.6729615,0.7061371538374159
1710364845.6730952,0.9468019008636475
1710364845.673229,1.1282637384202745
1710364845.6733627,1.2396632300482855
1710364845.6734965,1.2732932302686903
1710364845.6736305,1.226701603995429
1710364845.6737642,1.1037419239679973
1710364845.673898,0.9124712149302164
1710364845.6740317,0.668303370475769
1710364845.6741657,0.3831489218605889
1710364845.6742995,0.07697571482923296
1710364845.6744332,-0.2302033868100908
1710364845.674567,-0.5184542470508151
1710364845.6747007,-0.7720309495925903
1710364845.6748347,-0.9755227300855849
1710364845.6749685,-1.1173715856340196
1710364845.6751022,-1.1895218160417345
1710364845.675236,-1.1867198679182265
1710364845.67537,-1.1086155308617485
1710364845.6755037,-0.9639647271898057
1710364845.6756375,-0.7611733675003052
1710364845.6757712,-0.5139010813501146
1710364845.675905,-0.23755851719114515
1710364845.676039,0.05385508553849326
1710364845.6761727,0.33900953001446194
1710364845.6763065,0.6010433700349596
1710364845.6764402,0.8252433935801188
1710364845.676574,0.9982977973090278
1710364845.676708,1.1093469460805256
1710364845.6768417,1.1506838268703885
1710364845.6769755,1.117754379908244
1710364845.6771092,1.0123103194766574
1710364845.6772432,0.8434596326616075
1710364845.677377,0.6213614675733778
1710364845.6775107,0.35827673143810695
1710364845.6776445,0.07031978004508548
1710364845.6777782,-0.22494971752166748
1710364845.6779122,-0.5072464545567831
1710364845.678046,-0.7622241311603122
1710364845.6781797,-0.9751725196838379
1710364845.6783135,-1.133482853571574
1710364845.6784475,-1.225947274102105
1710364845.6785812,-1.2455609109666612
1710364845.678715,-1.1895218160417345
1710364845.6788487,-1.0609822803073459
1710364845.6789825,-0.8676475948757595
1710364845.6791165,-0.6217762496736314
1710364845.6792502,-0.3391293022367689
1710364845.679384,-0.033015975107749305
1710364845.6795177,0.2749023338158925
1710364845.6796515,0.5635599295298258
1710364845.6797855,0.8161352740393745
1710364845.6799192,1.0172147221035428
1710364845.680053,1.1538366476694744
1710364845.6801867,1.2175934844546847
1710364845.6803207,1.2014791700575087
1710364845.6804545,1.1061941252814398
1710364845.6805882,0.9387446774376763
1710364845.680722,0.7113918330934312
1710364845.6808558,0.43744736247592503
1710364845.6809897,0.13442698452207777
1710364845.6811235,-0.18081896834903294
1710364845.6812572,-0.4827293422487047
1710364845.681391,-0.7559197478824191
1710364845.681525,-0.982177389992608
1710364845.6816587,-1.147142383787367
1710364845.6817925,-1.2392565939161513
1710364845.6819263,-1.2497638331519232
1710364845.68206,-1.1765628390842013
1710364845.682194,-1.0249071651034884
1710364845.6823277,-0.8070553673638238
1710364845.6824615,-0.5366669429673089
1710364845.6825953,-0.2305536303255293
1710364845.682729,0.0916888482040829
1710364845.682863,0.40907204151153564
1710364845.6829967,0.6991308927536011
1710364845.6831305,0.9457509385214912
1710364845.6832643,1.1356204085879855
1710364845.6833982,1.2540259626176622
1710364845.683532,1.2946622901492648
1710364845.6836658,1.2533254093594022
1710364845.6837995,1.133518483903673
1710364845.6839333,0.9425981177224053
1710364845.6840672,0.6963283485836452
1710364845.684201,0.40872173176871407
1710364845.6843348,0.09729384548134273
1710364845.6844685,-0.2179448472128974
1710364845.6846025,-0.5135508378346761
1710364845.6847363,-0.7723812262217203
1710364845.68487,-0.981827179590861
1710364845.6850038,-1.1264779832628038
1710364845.6851375,-1.2003793981340196
1710364845.6852715,-1.1951258447435167
1710364845.6854053,-1.1135188738505046
1710364845.685539,-0.9618632660971748
1710364845.6856728,-0.7538182867897881
1710364845.6858068,-0.4995410641034444
1710364845.6859405,-0.2154931260479821
1710364845.6860743,0.0797782176070743
1710364845.686208,0.3677351607216729
1710364845.6863418,0.6304695871141222
1710364845.6864758,0.8532684379153781
1710364845.6866095,1.0221190585030449
1710364845.6867433,1.1275631851620145
1710364845.686877,1.1611931853824191
1710364845.6870108,1.1202066474490695
1710364845.6871448,1.007055640220642
1710364845.6872785,0.8294471767213609
1710364845.6874123,0.598941445350647
1710364845.687546,0.3306020299593608
1710364845.68768,0.03914195630285475
1710364845.6878138,-0.25857316123114693
1710364845.6879475,-0.5405196216371324
1710364845.6880813,-0.7930456267462836
1710364845.688215,-1.0038925541771782
1710364845.688349,-1.1583501762813992
1710364845.6884828,-1.2466116746266682
1710364845.6886165,-1.2641239166259766
1710364845.6887503,-1.2073842684427898
1710364845.6888843,-1.079195009337531
1710364845.689018,-0.8900631798638238
1710364845.6891518,-0.6508464945687188
1710364845.6892855,-0.37380344337887234
1710364845.6894193,-0.07784721752007802
1710364845.6895533,0.22130449612935382
1710364845.689687,0.5022551947169833
1710364845.6898208,0.7464230722851223
1710364845.6899545,0.9418974982367622
1710364845.6900883,1.0746659835179646
1710364845.6902223,1.1342191696166992
1710364845.690356,1.1163531409369574
1710364845.6904898,1.0228196779886882
1710364845.6906235,0.8578224976857503
1710364845.6907575,0.633272131284078
1710364845.6908913,0.3635314106941223
1710364845.691025,0.06436446474658118
1710364845.6911588,-0.24666484859254625
1710364845.6912925,-0.5450727873378329
1710364845.6914265,-0.8168621857961018
1710364845.6915603,-1.0438203149371676
1710364845.691694,-1.2108867698245578
1710364845.6918278,-1.305452717675103
1710364845.6919618,-1.3205132219526503
1710364845.6920955,-1.2522155708736844
1710364845.6922293,-1.1051130294799805
1710364845.692363,-0.8893626928329468
1710364845.6924968,-0.6200249989827474
1710364845.6926308,-0.31251072883605957
1710364845.6927645,0.01356913915110959
1710364845.6928983,0.3376082910431756
1710364845.693032,0.6350236468844943
1710364845.6931658,0.8921531173917983
1710364845.6932998,1.091480983628167
1710364845.6934335,1.2203959623972576
1710364845.6935673,1.2701404094696045
1710364845.693701,1.2372109625074599
1710364845.693835,1.122658782535129
1710364845.6939688,0.9383944008085463
1710364845.6941025,0.6935258706410726
1710364845.6942363,0.4069701830546061
1710364845.69437,0.09554228848881191
1710364845.694504,-0.22144728236728245
1710364845.6946378,-0.5205557081434462
1710364845.6947715,-0.7832387420866225
1710364845.6949053,-0.9951364331775241
1710364845.6950393,-1.1425891187455919
1710364845.695173,-1.2150896920098198
1710364845.6953068,-1.2080848217010498
1710364845.6954405,-1.1222750610775418
1710364845.6955743,-0.9632642401589288
1710364845.6957083,-0.744711889161004
1710364845.695842,-0.4813283681869507
1710364845.6959758,-0.18852434224552578
1710364845.6961095,0.11691135664780934
1710364845.6962435,0.4115242428249783
1710364845.6963773,0.6791630718443129
1710364845.696511,0.9051146772172716
1710364845.6966448,1.0753666030036078
1710364845.6967785,1.179409424463908
1710364845.6969125,1.2098866038852267
1710364845.6970463,1.1632951100667317
1710364845.69718,1.0441888040966458
1710364845.6973138,0.860624975628323
1710364845.6974475,0.6252149078581068
1710364845.6975815,0.3509201606114705
1710364845.6977153,0.05595696055226856
1710364845.697849,-0.2424619264072842
1710364845.6979828,-0.5237078997823927
1710364845.6981168,-0.7737822002834743
1710364845.6982505,-0.9790251652399699
1710364845.6983843,-1.1271784040662978
1710364845.698518,-1.2087852425045438
1710364845.6986518,-1.218241850535075
1710364845.6987858,-1.1551980177561443
1710364845.6989195,-1.0228057040108574
1710364845.6990533,-0.831572413444519
1710364845.699187,-0.5941069788402981
1710364845.699321,-0.3212668498357137
1710364845.6994548,-0.029163290229108598
1710364845.6995885,0.2633420129617055
1710364845.6997223,0.5358851949373881
1710364845.699856,0.7733971542782253
1710364845.69999,0.9622156620025635
1710364845.7001238,1.0890287823147244
1710364845.7002575,1.1461297671000164
1710364845.7003913,1.1286140812767875
1710364845.700525,1.0354309611850314
1710364845.700659,0.8746374977959527
1710364845.7007928,0.6556920872794257
1710364845.7009265,0.3929576608869764
1710364845.7010603,0.10219822327295938
1710364845.7011943,-0.20078288184271917
1710364845.701328,-0.49253619379467434
1710364845.7014618,-0.7587216960059272
1710364845.7015955,-0.981476902961731
1710364845.7017293,-1.1481930149926078
1710364845.7018633,-1.2455609109666612
1710364845.701997,-1.2655248906877306
1710364845.7021308,-1.2049326631757948
1710364845.7022645,-1.067636940214369
1710364845.7023985,-0.8620436986287434
1710364845.7025323,-0.6014621257781982
1710364845.702666,-0.3027039104037815
1710364845.7027998,0.01812320202589035
1710364845.7029335,0.3383089105288188
1710364845.7030675,0.6353739897410074
1710364845.7032013,0.8935543563630846
1710364845.703335,1.095684700542026
1710364845.7034688,1.2302047676510282
1710364845.7036026,1.2855541706085205
1710364845.7037365,1.2592807081010606
1710364845.7038703,1.1517347229851616
1710364845.704004,0.9709734386867946
1710364845.7041378,0.7303086916605631
1710364845.7042718,0.4448039333025614
1710364845.7044055,0.1316244817442364
1710364845.7045393,-0.1899253163072798
1710364845.704673,-0.4946376548873054
1710364845.7048068,-0.7657265663146973
1710364845.7049408,-0.985329614745246
1710364845.7050745,-1.141888697942098
1710364845.7052083,-1.22279511557685
1710364845.705342,-1.221744351916843
1710364845.705476,-1.138736539416843
1710364845.7056098,-0.981476902961731
1710364845.7057436,-0.7601226700676812
1710364845.7058773,-0.49148546324835884
1710364845.706011,-0.1923770209153493
1710364845.706145,0.12006416916847229
1710364845.7062788,0.42378518316480845
1710364845.7064126,0.6991308927536011
1710364845.7065463,0.9313881397247314
1710364845.7066803,1.1054935057957966
1710364845.706814,1.2116381857130263
1710364845.7069478,1.242115365134345
1710364845.7070816,1.1937722894880507
1710364845.7072153,1.0687106847763062
1710364845.7073493,0.879892177051968
1710364845.707483,0.6367752287122939
1710364845.7076168,0.35652514961030746
1710364845.7077506,0.05385508553849326
1710364845.7078843,-0.25086778733465404
1710364845.7080183,-0.5370171864827474
1710364845.708152,-0.7902436123953925
1710364845.7082858,-0.9951364331775241
1710364845.7084196,-1.141188144683838
1710364845.7085536,-1.218241850535075
1710364845.7086873,-1.223145325978597
1710364845.708821,-1.152746280034383
1710364845.7089548,-1.0158008337020874
1710364845.7090886,-0.8196641339196099
1710364845.7092226,-0.5786961979336208
1710364845.7093563,-0.305155615011851
1710364845.70949,-0.015854016981191106
1710364845.7096238,0.2713992032739851
1710364845.7097578,0.5365858475367228
1710364845.7098916,0.7656902737087673
1710364845.7100253,0.9461012813780043
1710364845.710159,1.064156625005934
1710364845.7102928,1.1117990811665852
1710364845.7104268,1.0851753420299954
1710364845.7105606,0.9849859608544244
1710364845.7106943,0.8192880948384602
1710364845.710828,0.5975402063793606
1710364845.7109618,0.33410516050126815
1710364845.7110958,0.041944459080696106
1710364845.7112296,-0.25787265764342415
1710364845.7113633,-0.5468240049150255
1710364845.711497,-0.8098573154873318
1710364845.711631,-1.0305110613505046
1710364845.7117648,-1.1961764759487576
1710364845.7118986,-1.2938945823245578
1710364845.7120323,-1.317010720570882
1710364845.712166,-1.2606214152442083
1710364845.7123,-1.1289297209845648
1710364845.7124338,-0.9306914938820733
1710364845.7125676,-0.6774650679694282
1710364845.7127013,-0.385711756017473
1710364845.7128353,-0.07119258244832356
1710364845.712969,0.24582639336585999
1710364845.7131028,0.5418405267927382
1710364845.7132366,0.799320273929172
1710364845.7133703,1.0039028194215562
1710364845.7135043,1.1426266034444172
1710364845.713638,1.2042816480000813
1710364845.7137718,1.1843138270907931
1710364845.7139056,1.084124379687839
1710364845.7140393,0.9107196993298
1710364845.7141733,0.6770612133873833
1710364845.714307,0.3978620635138618
1710364845.7144408,0.08853603568341997
1710364845.7145746,-0.2291526562637753
1710364845.7147086,-0.5324640207820468
1710364845.7148423,-0.8042534192403157
1710364845.714976,-1.0259579287634955
1710364845.7151098,-1.1853188938564725
1710364845.7152436,-1.2679764959547255
1710364845.7153776,-1.2690272596147325
1710364845.7155113,-1.1860194471147325
1710364845.715645,-1.0263081391652424
1710364845.7157788,-0.8021519581476847
1710364845.7159128,-0.5272103680504693
1710364845.7160466,-0.2196960647900899
1710364845.7161803,0.10219822327295938
1710364845.716314,0.41572799285252887
1710364845.7164478,0.7001817888683742
1710364845.7165818,0.9422478410932753
1710364845.7167156,1.1251109176211886
1710364845.7168493,1.2372109625074599
1710364845.716983,1.272242334153917
1710364845.717117,1.2249500221676297
1710364845.7172508,1.1016400655110676
1710364845.7173846,0.9103693564732869
1710364845.7175183,0.6648002730475532
1710364845.717652,0.3803464108043247
1710364845.717786,0.07347259256574842
1710364845.7179198,-0.23580728305710685
1710364845.7180536,-0.5237078997823927
1710364845.7181873,-0.7779851224687364
1710364845.718321,-0.981126692559984
1710364845.718455,-1.1236760351392958
1710364845.7185888,-1.1954760551452637
1710364845.7187226,-1.1919735537634955
1710364845.7188563,-1.1142194271087646
1710364845.7189903,-0.9681676493750678
1710364845.719124,-0.7646758026546902
1710364845.7192578,-0.5170532729890611
1710364845.7193916,-0.23965997828377616
1710364845.7195253,0.051402900781896375
1710364845.7196593,0.33690767155753243
1710364845.719793,0.598941445350647
1710364845.7199268,0.8234918117523193
1710364845.7200606,0.9961959388520982
1710364845.7201946,1.107245021396213
1710364845.7203283,1.1475310060713027
1710364845.720462,1.1139010058508978
1710364845.7205958,1.0081066025627983
1710364845.7207296,0.8378546767764621
1710364845.7208636,0.614355206489563
1710364845.7209973,0.3516207800971137
1710364845.721131,0.06261290361483891
1710364845.7212648,-0.23300533493359882
1710364845.7213986,-0.5160025424427456
1710364845.7215326,-0.7713304625617133
1710364845.7216663,-0.9856798251469929
1710364845.7218,-1.1439900928073459
1710364845.7219338,-1.2364546457926433
1710364845.7220678,-1.2571190463172064
1710364845.7222016,-1.2017803721957736
1710364845.7223353,-1.072890626059638
1710364845.722469,-0.8806066380606757
1710364845.7226028,-0.6357859902911716
1710364845.7227368,-0.3520883123079936
1710364845.7228706,-0.04667549497551388
1710364845.7230043,0.2612401379479302
1710364845.723138,0.5512989560763041
1710364845.723272,0.803173714213901
1710364845.7234058,1.0056544012493558
1710364845.7235396,1.1440278424157035
1710364845.7236733,1.2084853649139404
1710364845.723807,1.1934219466315374
1710364845.723941,1.099187864197625
1710364845.7240748,0.9341906176673042
1710364845.7242086,0.7082390122943454
1710364845.7243423,0.4349951942761739
1710364845.724476,0.13267541925112405
1710364845.72461,-0.18116921186447144
1710364845.7247438,-0.4827293422487047
1710364845.7248776,-0.7548689842224121
1710364845.7250113,-0.980776415930854
1710364845.7251453,-1.1446906460656059
1710364845.725279,-1.2364546457926433
1710364845.7254128,-1.2462614642249212
1710364845.7255466,-1.1734106805589464
1710364845.7256804,-1.0210544533199735
1710364845.7258143,-0.8028524451785617
1710364845.725948,-0.5310630467202928
1710364845.7260818,-0.22424923049079046
1710364845.7262156,0.10009634825918409
1710364845.7263496,0.4171292318238152
1710364845.7264833,0.7078886694378322
1710364845.726617,0.9566106398900349
1710364845.7267509,1.1468303203582764
1710364845.7268846,1.265236006842719
1710364845.7270186,1.3044709629482694
1710364845.7271523,1.2631340821584065
1710364845.727286,1.140875021616618
1710364845.7274199,0.9499546554353502
1710364845.7275538,0.7022837135526869
1710364845.7276876,0.4125751720534431
1710364845.7278214,0.09939572049511804
1710364845.727955,-0.2168941166665819
1710364845.7280889,-0.5135508378346761
1710364845.7282228,-0.7741324106852213
1710364845.7283566,-0.983928640683492
1710364845.7284904,-1.1299803521898057
1710364845.728624,-1.2031813462575276
1710364845.7287579,-1.1989784240722656
1710364845.7288918,-1.1166711648305256
1710364845.7290256,-0.9636144505606757
1710364845.7291594,-0.7541684971915351
1710364845.729293,-0.4988405770725674
1710364845.729427,-0.21409215198622808
1710364845.7295609,0.08328134814898173
1710364845.7296946,0.3722892204920451
1710364845.7298284,0.6350236468844943
1710364845.729962,0.8574721548292372
1710364845.730096,1.0273737377590604
1710364845.7302299,1.1321172449323866
1710364845.7303636,1.1653969022962782
1710364845.7304974,1.1237096786499023
1710364845.7306314,1.010208461019728
1710364845.730765,0.8318993780348036
1710364845.7308989,0.6006930271784464
1710364845.7310326,0.3313026494450039
1710364845.7311664,0.03844133267800013
1710364845.7313004,-0.2592736482620239
1710364845.731434,-0.5405196216371324
1710364845.7315679,-0.7937461137771606
1710364845.7317016,-1.0028417905171711
1710364845.7318354,-1.155898438559638
1710364845.7319694,-1.2434595161014133
1710364845.732103,-1.2602712048424614
1710364845.7322369,-1.2017803721957736
1710364845.7323706,-1.072890626059638
1710364845.7325046,-0.8834085861841837
1710364845.7326384,-0.6424406501981947
1710364845.732772,-0.3667985730701023
1710364845.7329059,-0.06979160010814667
1710364845.7330396,0.22901137669881183
1710364845.7331736,0.5092614558007982
1710364845.7333074,0.7534293333689371
1710364845.733441,0.9485534164640639
1710364845.7335749,1.07992066277398
1710364845.7337089,1.1394737826453314
1710364845.7338426,1.121958229276869
1710364845.7339764,1.026322841644287
1710364845.73411,0.8623765574561225
1710364845.7342439,0.6395777066548666
1710364845.7343779,0.36983705229229397
1710364845.7345116,0.07031978004508548
1710364845.7346454,-0.23895949125289917
1710364845.7347791,-0.5377176735136244
1710364845.734913,-0.8084563414255778
1710364845.7350469,-1.0350642601648967
1710364845.7351806,-1.2024809254540336
1710364845.7353144,-1.297397083706326
1710364845.7354481,-1.3128077983856201
1710364845.735582,-1.2452107005649142
1710364845.7357159,-1.0984584358003404
1710364845.7358496,-0.8844592836168077
1710364845.7359834,-0.6165225638283623
1710364845.7361171,-0.310759511258867
1710364845.736251,0.014620076657997238
1710364845.7363849,0.33690767155753243
1710364845.7365186,0.6343230273988512
1710364845.7366524,0.8897009160783556
1710364845.7367864,1.087627543343438
1710364845.73692,1.2158419026268852
1710364845.7370539,1.265236006842719
1710364845.7371876,1.2319563494788275
1710364845.7373214,1.117754379908244
1710364845.7374554,0.9320887592103746
1710364845.7375891,0.6886214680141872
1710364845.7377229,0.40241612328423393
1710364845.7378566,0.09063791069719526
1710364845.7379906,-0.22705119517114428
1710364845.7381244,-0.5247586303287082
1710364845.7382581,-0.7874416642718844
1710364845.7383919,-0.9989890787336562
1710364845.7385256,-1.1464418305291069
1710364845.7386596,-1.218942403793335
1710364845.7387934,-1.2115871906280518
1710364845.7389271,-1.1243764559427898
1710364845.7390609,-0.9664163986841837
1710364845.7391946,-0.748214324315389
1710364845.7393286,-0.4848308033413357
1710364845.7394624,-0.1923770209153493
1710364845.7395961,0.11270759834183587
1710364845.73973,0.4076708025402493
1710364845.7398639,0.6756599081887139
1710364845.7399976,0.9009108940760294
1710364845.7401314,1.0715131627188788
1710364845.7402651,1.1755560504065619
1710364845.740399,1.2063834402296278
1710364845.7405329,1.160842842525906
1710364845.7406666,1.0420868794123332
1710364845.7408004,0.8595740132861667
1710364845.7409341,0.6245142883724636
1710364845.7410681,0.3523213995827569
1710364845.7412019,0.05805883970525529
1710364845.7413356,-0.23965997828377616
1710364845.7414694,-0.5202054646280077
1710364845.7416031,-0.7695792118708292
1710364845.7417371,-0.9727207819620768
1710364845.7418709,-1.1205237441592746
1710364845.7420046,-1.2014301617940266
1710364845.7421384,-1.2115871906280518
1710364845.7422721,-1.1481930149926078
1710364845.7424061,-1.0168515311347113
1710364845.74254,-0.825268030166626
1710364845.7426736,-0.587102108531528
1710364845.7428074,-0.3160131639904446
1710364845.7429414,-0.025310605350467894
1710364845.7430751,0.2657941977183024
1710364845.743209,0.5369361572795444
1710364845.7433426,0.7730468114217122
1710364845.7434764,0.9604640801747639
1710364845.7436104,1.0858759615156386
1710364845.7437441,1.1419260501861572
1710364845.743878,1.1230091253916423
1710364845.7440116,1.0287750429577298
1710364845.7441456,0.8662299977408515
1710364845.7442794,0.6483355495664809
1710364845.7444131,0.3852507803175184
1710364845.744547,0.09379072321785821
1710364845.7446806,-0.20953898628552753
1710364845.7448146,-0.5009420381651984
1710364845.7449484,-0.7667772637473212
1710364845.7450821,-0.989182260301378
1710364845.745216,-1.154847674899631
1710364845.74535,-1.2525657812754314
1710364845.7454836,-1.2721794181399875
1710364845.7456174,-1.2115871906280518
1710364845.7457511,-1.0739413234922621
1710364845.745885,-0.8672973182466295
1710364845.746019,-0.6067157453960842
1710364845.7461526,-0.307957563135359
1710364845.7462864,0.01391945199833976
1710364845.7464201,0.3337548507584466
1710364845.746554,0.6322211689419216
1710364845.746688,0.8911021550496419
1710364845.7468216,1.095334423912896
1710364845.7469554,1.2309053209092882
1710364845.7470891,1.2876559628380668
1710364845.7472231,1.2631340821584065
1710364845.747357,1.156639125612047
1710364845.7474906,0.9772790802849664
1710364845.7476244,0.7380155722300211
1710364845.7477582,0.454612672328949
1710364845.7478921,0.14213386509153578
1710364845.748026,-0.1783672637409634
1710364845.7481596,-0.4820288552178277
1710364845.7482934,-0.7524173127280341
1710364845.7484274,-0.9727207819620768
1710364845.7485611,-1.1282291677263048
1710364845.748695,-1.2094857957628038
1710364845.7488286,-1.2091355853610568
1710364845.7489624,-1.1261276404062908
1710364845.7490964,-0.9678173727459377
1710364845.7492301,-0.748214324315389
1710364845.749364,-0.4806278811560737
1710364845.7494977,-0.1804687248335944
1710364845.7496314,0.131974791487058
1710364845.7497654,0.4346448845333523
1710364845.7498991,0.7103408707512749
1710364845.750033,0.9422478410932753
1710364845.7501667,1.1167034837934706
1710364845.7503006,1.2228482299380832
1710364845.7504344,1.252975066502889
1710364845.7505682,1.2049822012583415
1710364845.750702,1.0809716251161363
1710364845.7508357,0.8907518784205118
1710364845.7509696,0.6483355495664809
1710364845.7511034,0.3673848509788513
1710364845.7512372,0.06436446474658118
1710364845.751371,-0.24106095234553018
1710364845.751505,-0.5272103680504693
1710364845.7516387,-0.7800865835613674
1710364845.7517724,-0.9849793381161159
1710364845.7519062,-1.1306809054480658
1710364845.75204,-1.2084350321027968
1710364845.752174,-1.2126379542880588
1710364845.7523077,-1.143289672003852
1710364845.7524414,-1.0059940152698092
1710364845.7525752,-0.8095070388582017
1710364845.752709,-0.5688893795013428
1710364845.752843,-0.2963995271258884
1710364845.7529767,-0.0070979151253898936
1710364845.7531104,0.27875575754377574
1710364845.7532442,0.5442926949924892
1710364845.7533782,0.7733971542782253
1710364845.753512,0.9534578190909492
1710364845.7536457,1.0704622003767226
1710364845.7537794,1.118104722764757
1710364845.7539132,1.091480983628167
1710364845.7540472,0.9916418790817261
1710364845.754181,0.8259440130657619
1710364845.7543147,0.6048968103196886
1710364845.7544484,0.34251266055636936
1710364845.7545824,0.051402900781896375
1710364845.7547162,-0.24736533562342325
1710364845.75485,-0.5349157253901163
1710364845.7549837,-0.7968982723024156
1710364845.7551174,-1.0165013207329643
1710364845.7552514,-1.1807657612694633
1710364845.7553852,-1.2784838676452637
1710364845.755519,-1.300199031829834
1710364845.7556527,-1.2441599369049072
1710364845.7557867,-1.1121178997887504
1710364845.7559204,-0.9142300155427721
1710364845.7560542,-0.6627547740936279
1710364845.756188,-0.3720522258016798
1710364845.7563217,-0.05963452574279573
1710364845.7564557,0.25668607817755806
1710364845.7565894,0.5498977171050178
1710364845.7567232,0.8063265350129869
1710364845.756857,1.0088072220484416
1710364845.7569907,1.1461297671000164
1710364845.7571247,1.2056828869713676
1710364845.7572584,1.1864157517751057
1710364845.7573922,1.0830734835730658
1710364845.757526,0.9096687369876437
1710364845.75766,0.676010251045227
1710364845.7577937,0.3961104816860623
1710364845.7579274,0.08643416066964467
1710364845.7580612,-0.23195460438728333
1710364845.758195,-0.5342152383592393
1710364845.758329,-0.8053041166729397
1710364845.7584627,-1.0284096002578735
1710364845.7585964,-1.1870702107747395
1710364845.7587302,-1.2704282336764865
1710364845.7588642,-1.2718292077382405
1710364845.758998,-1.1895218160417345
1710364845.7591317,-1.0305110613505046
1710364845.7592654,-0.8067050907346938
1710364845.7593992,-0.5321137772666084
1710364845.7595332,-0.22565020455254448
1710364845.759667,0.09659322599569956
1710364845.7598007,0.41012300385369194
1710364845.7599344,0.6949271096123589
1710364845.7600682,0.9369930956098769
1710364845.7602022,1.1202066474490695
1710364845.760336,1.2326569027370877
1710364845.7604697,1.2669875886705186
1710364845.7606034,1.2224978870815701
1710364845.7607374,1.098837521341112
1710364845.7608712,0.9079171551598443
1710364845.761005,0.6633989678488837
1710364845.7611387,0.37859486209021675
1710364845.7612724,0.07207134531603919
1710364845.7614064,-0.23685801360342237
1710364845.7615402,-0.5258093608750237
1710364845.761674,-0.7793860965304904
1710364845.7618077,-0.9835783640543619
1710364845.7619417,-1.1261276404062908
1710364845.7620754,-1.1986282136705186
1710364845.7622092,-1.1954760551452637
1710364845.762343,-1.1184223492940266
1710364845.7624767,-0.9723705715603298
1710364845.7626107,-0.7688787248399522
1710364845.7627444,-0.5212561951743232
1710364845.7628782,-0.24386290046903822
1710364845.763012,0.047199146615134344
1710364845.7631457,0.3327039215299818
1710364845.7632797,0.5943873855802748
1710364845.7634134,0.8189377519819472
1710364845.7635472,0.9923424985673692
1710364845.763681,1.1023406849967108
1710364845.763815,1.1429769463009305
1710364845.7639487,1.1100475655661688
1710364845.7640824,1.0039028194215562
1710364845.7642162,0.8343515131208632
1710364845.76435,0.6112023856904771
1710364845.764484,0.3484679592980279
1710364845.7646177,0.05946008695496453
1710364845.7647514,-0.23615752657254535
1710364845.7648852,-0.5191547340816921
1710364845.7650192,-0.7748328977160983
1710364845.765153,-0.988481773270501
1710364845.7652867,-1.1467920409308539
1710364845.7654204,-1.2406575679779053
1710364845.7655542,-1.2609716256459553
1710364845.7656882,-1.2056330839792888
1710364845.765822,-1.077794035275777
1710364845.7659557,-0.8855100472768147
1710364845.7660894,-0.6410396761364406
1710364845.7662234,-0.35839272869957817
1710364845.7663572,-0.052979886531829834
1710364845.766491,0.2556351323922475
1710364845.7666247,0.5449933475918239
1710364845.7667584,0.7972184154722426
1710364845.7668924,1.0003997219933403
1710364845.7670262,1.138072543674045
1710364845.76716,1.202880409028795
1710364845.7672937,1.1888678868611653
1710364845.7674274,1.094984081056383
1710364845.7675614,0.9289359384112887
1710364845.7676952,0.7040352291531032
1710364845.767829,0.43149206373426646
1710364845.7679627,0.12952260673046112
1710364845.7680967,-0.18432142006026372
1710364845.7682304,-0.4855313234859043
1710364845.7683642,-0.7576709323459201
1710364845.768498,-0.9835783640543619
1710364845.7686317,-1.1481930149926078
1710364845.7687657,-1.2399570147196453
1710364845.7688994,-1.2494136227501762
1710364845.7690332,-1.1762126286824544
1710364845.769167,-1.0231559806399875
1710364845.769301,-0.8053041166729397
1710364845.7694347,-0.5324640207820468
1710364845.7695684,-0.22494971752166748
1710364845.7697022,0.09869510100947486
1710364845.769836,0.4178298513094584
1710364845.76997,0.7096402512656318
1710364845.7701037,0.9597634606891208
1710364845.7702374,1.1503334840138753
1710364845.7703712,1.2701404094696045
1710364845.770505,1.3114772902594671
1710364845.770639,1.2701404094696045
1710364845.7707727,1.149282587899102
1710364845.7709064,0.9583622217178345
1710364845.7710402,0.7106912136077881
1710364845.7711742,0.422033601337009
1710364845.771308,0.10850384831428528
1710364845.7714417,-0.20953898628552753
1710364845.7715755,-0.5061957240104675
1710364845.7717092,-0.7671275403764513
1710364845.7718432,-0.9790251652399699
1710364845.771977,-1.1257774300045438
1710364845.7721107,-1.2000291877322726
1710364845.7722445,-1.1965268188052707
1710364845.7723784,-1.1149198479122586
1710364845.7725122,-0.9629139635297987
1710364845.772646,-0.752767523129781
1710364845.7727797,-0.49743960301081336
1710364845.7729135,-0.21339166495535108
1710364845.7730474,0.08328134814898173
1710364845.7731812,0.37298983997768825
1710364845.773315,0.6367752287122939
1710364845.7734487,0.8595740132861667
1710364845.7735825,1.0301762819290161
1710364845.7737164,1.1359706189897325
1710364845.7738502,1.1689000659518771
1710364845.773984,1.1279135280185275
1710364845.7741177,1.0133612818188138
1710364845.7742517,0.8357527520921495
1710364845.7743855,0.6052470869488186
1710364845.7745192,0.3362070189581977
1710364845.774653,0.043345710469616786
1710364845.7747867,-0.25366973545816207
1710364845.7749207,-0.5363166994518703
1710364845.7750545,-0.7884924279318916
1710364845.7751882,-0.9989890787336562
1710364845.775322,-1.152746280034383
1710364845.775456,-1.2406575679779053
1710364845.7755897,-1.2578194671207004
1710364845.7757235,-1.2000291877322726
1710364845.7758572,-1.0711393753687541
1710364845.775991,-0.8813071250915527
1710364845.776125,-0.6417401631673177
1710364845.7762587,-0.36539759900834823
1710364845.7763925,-0.06804038253095415
1710364845.7765262,0.23146356145540872
1710364845.7766602,0.5113633142577277
1710364845.776794,0.7558815346823798
1710364845.7769277,0.9520565801196628
1710364845.7770615,1.083774103058709
1710364845.7771952,1.1447285281287298
1710364845.7773292,1.1282637384202745
1710364845.777463,1.0354309611850314
1710364845.7775967,0.87218529648251
1710364845.7777305,0.648685892422994
1710364845.7778642,0.37999610106150306
1710364845.7779982,0.08047884537114038
1710364845.778132,-0.2291526562637753
1710364845.7782657,-0.5282610985967848
1710364845.7783995,-0.7993500100241767
1710364845.7785335,-1.0263081391652424
1710364845.7786672,-1.1937248706817627
1710364845.778801,-1.2903922133975558
1710364845.7789347,-1.307203902138604
1710364845.7790685,-1.2406575679779053
1710364845.7792025,-1.0956564876768324
1710364845.7793362,-0.8816573354932997
1710364845.77947,-0.6151215897666084
1710364845.7796037,-0.30900829368167454
1710364845.7797377,0.016021327012115054
1710364845.7798715,0.3393598397572835
1710364845.7800052,0.6364249520831637
1710364845.780139,0.8925033940209283
1710364845.7802727,1.0907803641425238
1710364845.7804067,1.218994723425971
1710364845.7805405,1.2690895133548312
1710364845.7806742,1.2351091702779133
1710364845.780808,1.1205568578508165
1710364845.7809417,0.9341906176673042
1710364845.7810757,0.6914240121841431
1710364845.7812095,0.4027664330270555
1710364845.7813432,0.08958697319030762
1710364845.781477,-0.2291526562637753
1710364845.781611,-0.5282610985967848
1710364845.7817447,-0.7923451397154067
1710364845.7818785,-1.0056437386406791
1710364845.7820122,-1.15379704369439
1710364845.782146,-1.2273482481638591
1710364845.78228,-1.220693588256836
1710364845.7824137,-1.133482853571574
1710364845.7825475,-0.9737715456220839
1710364845.7826812,-0.7559197478824191
1710364845.7828152,-0.4907849762174818
1710364845.782949,-0.19693020317289564
1710364845.7830827,0.10955478582117292
1710364845.7832165,0.4055689109696282
1710364845.7833502,0.6746090120739406
1710364845.7834842,0.9002102745903863
1710364845.783618,1.0704622003767226
1710364845.7837517,1.1745050218370225
1710364845.7838855,1.2053325441148546
1710364845.7840192,1.1587410502963595
1710364845.7841532,1.0396346780988905
1710364845.784287,0.8557205730014377
1710364845.7844207,0.6192596091164483
1710364845.7845545,0.3453151716126336
1710364845.7846885,0.04930102162890964
1710364845.7848222,-0.24911656975746155
1710364845.784956,-0.5303625596894158
1710364845.7850897,-0.7804367939631144
1710364845.7852235,-0.9842788510852389
1710364845.7853575,-1.1324320899115667
1710364845.7854912,-1.2133385075463188
1710364845.785625,-1.223145325978597
1710364845.7857587,-1.1579999658796523
1710364845.7858927,-1.0263081391652424
1710364845.7860265,-0.8350749148262872
1710364845.7861602,-0.5948074658711752
1710364845.786294,-0.3237185544437832
1710364845.7864277,-0.0326657315923108
1710364845.7865617,0.25913826293415493
1710364845.7866955,0.5313311351670159
1710364845.7868292,0.7674418555365669
1710364845.786963,0.9552094009187486
1710364845.787097,1.0809716251161363
1710364845.7872307,1.1363209618462455
1710364845.7873645,1.117404169506497
1710364845.7874982,1.0228196779886882
1710364845.787632,0.8616759379704793
1710364845.787766,0.6423802508248223
1710364845.7878997,0.37894517183303833
1710364845.7880335,0.0860838426484002
1710364845.7881672,-0.2168941166665819
1710364845.788301,-0.5086474286185371
1710364845.788435,-0.7744826873143513
1710364845.7885687,-0.9982885917027791
1710364845.7887025,-1.1653550465901692
1710364845.7888362,-1.2627229425642226
1710364845.7889702,-1.2830370002322726
1710364845.789104,-1.22279511557685
1710364845.7892377,-1.0851491159862943
1710364845.7893715,-0.8795558744006686
1710364845.7895052,-0.6186240249209933
1710364845.7896392,-0.3195156322585212
1710364845.789773,0.002709448906696505
1710364845.7899067,0.3239460786183675
1710364845.7900405,0.6234633260303073
1710364845.7901745,0.8830449978510538
1710364845.7903082,1.0883281628290813
1710364845.790442,1.2249500221676297
1710364845.7905757,1.2827516926659477
1710364845.7907095,1.2592807081010606
1710364845.7908435,1.153486304812961
1710364845.7909772,0.9744766023423936
1710364845.791111,0.7366143332587348
1710364845.7912447,0.45216050412919784
1710364845.7913785,0.13968166377809313
1710364845.7915125,-0.18081896834903294
1710364845.7916462,-0.4851810799704658
1710364845.79178,-0.7555694712532891
1710364845.7919137,-0.9758730067147149
1710364845.7920477,-1.131731669108073
1710364845.7921815,-1.212988297144572
1710364845.7923152,-1.2122877438863118
1710364845.792449,-1.1285793781280518
1710364845.7925828,-0.9699188338385688
1710364845.7927167,-0.749615364604526
1710364845.7928505,-0.47957715060975814
1710364845.7929842,-0.1787175072564019
1710364845.793118,0.13442698452207777
1710364845.793252,0.43919894430372447
1710364845.7933857,0.7159458928638034
1710364845.7935195,0.9485534164640639
1710364845.7936532,1.1233594682481554
1710364845.793787,1.2295040819380019
1710364845.793921,1.2596310509575737
1710364845.7940547,1.210587289598253
1710364845.7941885,1.0869269238577948
1710364845.7943223,0.8967071771621704
1710364845.794456,0.6521889898512099
1710364845.79459,0.37088798152075875
1710364845.7947237,0.06786759114927715
1710364845.7948575,-0.23825900422202215
1710364845.7949913,-0.5247586303287082
1710364845.7951252,-0.7765841484069824
1710364845.795259,-0.981476902961731
1710364845.7953928,-1.1261276404062908
1710364845.7955265,-1.2024809254540336
1710364845.7956603,-1.2056330839792888
1710364845.7957942,-1.134883827633328
1710364845.795928,-0.9965374072392781
1710364845.7960618,-0.8007509840859307
1710364845.7961955,-0.5587322844399346
1710364845.7963295,-0.28589218854904175
1710364845.7964633,0.0020088237296375963
1710364845.796597,0.28786391019821167
1710364845.7967308,0.5519995755619472
1710364845.7968645,0.779702795876397
1710364845.7969985,0.956960916519165
1710364845.7971323,1.072213782204522
1710364845.797266,1.118104722764757
1710364845.7973998,1.0893791251712375
1710364845.7975338,0.9877884387969971
1710364845.7976675,0.8217402961519029
1710364845.7978013,0.5992917882071601
1710364845.797935,0.3365573618147108
1710364845.7980688,0.04579789936542511
1710364845.7982028,-0.2522687613964081
1710364845.7983365,-0.5391186475753784
1710364845.7984703,-0.7997002204259236
1710364845.798604,-1.0179022947947185
1710364845.7987378,-1.1807657612694633
1710364845.7988718,-1.2763824727800157
1710364845.7990055,-1.297397083706326
1710364845.7991393,-1.2399570147196453
1710364845.799273,-1.1075647672017415
1710364845.799407,-0.91002709335751
1710364845.7995408,-0.6578513648774889
1710364845.7996745,-0.36714881658554077
1710364845.7998083,-0.054731108248233795
1710364845.799942,0.2598388824197981
1710364845.800076,0.5534008476469252
1710364845.8002098,0.8087787363264296
1710364845.8003435,1.0116096999910142
1710364845.8004773,1.1475310060713027
1710364845.8006113,1.2081350220574272
1710364845.800745,1.1867659621768527
1710364845.8008788,1.0851753420299954
1710364845.8010125,0.9117705954445733
1710364845.8011463,0.6770612133873833
1710364845.8012803,0.39716141091452706
1710364845.801414,0.08748509817653231
1710364845.8015478,-0.2305536303255293
1710364845.8016815,-0.5342152383592393
1710364845.8018153,-0.8063548803329468
1710364845.8019493,-1.0301608509487576
1710364845.802083,-1.1898721588982475
1710364845.8022168,-1.2746311558617485
1710364845.8023505,-1.2763824727800157
1710364845.8024845,-1.1965268188052707
1710364845.8026183,-1.0375159316592746
1710364845.802752,-0.8154612117343478
1710364845.8028858,-0.541570352183448
1710364845.8030195,-0.23510679602622986
1710364845.8031535,0.08643416066964467
1710364845.8032873,0.3992633024851481
1710364845.803421,0.6854687134424845
1710364845.8035548,0.9254327747556899
1710364845.8036888,1.1089966032240126
1710364845.8038225,1.2210966481102836
1710364845.8039563,1.257178783416748
1710364845.80409,1.2123388714260526
1710364845.8042238,1.0897294018003676
1710364845.8043578,0.899159378475613
1710364845.8044915,0.6549914677937826
1710364845.8046253,0.3712382912635803
1710364845.804759,0.06436446474658118
1710364845.8048928,-0.24351265695359972
1710364845.8050268,-0.5317635337511698
1710364845.8051605,-0.7842895057466295
1710364845.8052943,-0.989882747332255
1710364845.805428,-1.1299803521898057
1710364845.805562,-1.2024809254540336
1710364845.8056958,-1.1979277928670247
1710364845.8058295,-1.1191227700975206
1710364845.8059633,-0.9727207819620768
1710364845.806097,-0.7692290014690822
1710364845.806231,-0.5209059516588846
1710364845.8063648,-0.2428121699227227
1710364845.8064985,0.04930102162890964
1710364845.8066323,0.3344554702440898
1710364845.8067663,0.5964893102645874
1710364845.8069,0.8206893338097466
1710364845.8070338,0.9933934609095255
1710364845.8071675,1.103041304482354
1710364845.8073013,1.1436774995591905
1710364845.8074353,1.1089966032240126
1710364845.807569,1.00250158045027
1710364845.8077028,0.8322496546639336
1710364845.8078365,0.6091005272335476
1710364845.8079705,0.3453151716126336
1710364845.8081043,0.056307274434301585
1710364845.808238,-0.23930973476833767
1710364845.8083718,-0.5223069257206386
1710364845.8085055,-0.7769343588087294
1710364845.8086395,-0.989882747332255
1710364845.8087733,-1.1481930149926078
1710364845.808907,-1.2406575679779053
1710364845.8090408,-1.2613219685024686
1710364845.8091745,-1.2049326631757948
1710364845.8093085,-1.0774437586466472
1710364845.8094423,-0.8848095602459377
1710364845.809576,-0.6403391891055636
1710364845.8097098,-0.3580424520704481
1710364845.8098438,-0.05368037356270684
1710364845.8099775,0.25318294763565063
1710364845.8101113,0.5414902170499166
1710364845.810245,0.7933649751875136
1710364845.8103788,0.9947946998808119
1710364845.8105128,1.1321172449323866
1710364845.8106465,1.19552387131585
1710364845.8107803,1.179759767320421
1710364845.810914,1.0848250654008653
1710364845.811048,0.9187768565283881
1710364845.8111818,0.6928252511554294
1710364845.8113155,0.41993174288007945
1710364845.8114493,0.11691135664780934
1710364845.811583,-0.19622971614201862
1710364845.811717,-0.49743960301081336
1710364845.8118508,-0.7699294884999592
1710364845.8119845,-0.9954866435792711
1710364845.8121183,-1.159050597084893
1710364845.812252,-1.2497638331519232
1710364845.812386,-1.2595706515842013
1710364845.8125198,-1.1853188938564725
1710364845.8126535,-1.0326125224431355
1710364845.8127873,-0.8126592636108398
1710364845.8129213,-0.540169378121694
1710364845.813055,-0.23195460438728333
1710364845.8131888,0.0941410329606798
1710364845.8133225,0.4136261012819078
1710364845.8134563,0.7064874304665459
1710364845.8135903,0.956960916519165
1710364845.813724,1.148932245042589
1710364845.8138578,1.2701404094696045
1710364845.8139915,1.3118276331159804
1710364845.8141255,1.2715416484408908
1710364845.8142593,1.1520850658416748
1710364845.814393,0.9622156620025635
1710364845.8145268,0.7152452733781602
1710364845.8146605,0.42658769422107273
1710364845.8147945,0.11480947335561116
1710364845.8149283,-0.2021838559044732
1710364845.815062,-0.4991908205880059
1710364845.8151958,-0.7594221830368042
1710364845.8153296,-0.9699188338385688
1710364845.8154635,-1.1159706115722656
1710364845.8155973,-1.1895218160417345
1710364845.815731,-1.1856692367129855
1710364845.8158648,-1.1037120554182265
1710364845.8159988,-0.9513558944066365
1710364845.8161325,-0.7412094540066189
1710364845.8162663,-0.4855313234859043
1710364845.8164,-0.2014833688735962
1710364845.8165338,0.0958925982316335
1710364845.8166678,0.38455016083187527
1710364845.8168015,0.6469343105951945
1710364845.8169353,0.8697330951690674
1710364845.817069,1.0389340586132474
1710364845.817203,1.1443781852722168
1710364845.8173368,1.1773074997795951
1710364845.8174706,1.1359706189897325
1710364845.8176043,1.0210681623882718
1710364845.817738,0.8427590131759644
1710364845.817872,0.6126036908891466
1710364845.8180058,0.34286297029919094
1710364845.8181396,0.05070227301783032
1710364845.8182733,-0.24596436156166923
1710364845.8184073,-0.5279108550813463
1710364845.818541,-0.7804367939631144
1710364845.8186748,-0.989182260301378
1710364845.8188086,-1.142238908343845
1710364845.8189423,-1.230500406689114
1710364845.8190763,-1.2462614642249212
1710364845.81921,-1.1888213952382405
1710364845.8193438,-1.061332556936476
1710364845.8194776,-0.8718505170610216
1710364845.8196113,-0.6336845291985406
1710364845.8197453,-0.35839272869957817
1710364845.819879,-0.06313696503639221
1710364845.8200128,0.23461638225449455
1710364845.8201466,0.5131148960855272
1710364845.8202806,0.7562318113115098
1710364845.8204143,0.9499546554353502
1710364845.820548,1.0823728640874226
1710364845.8206818,1.1419260501861572
1710364845.8208156,1.1247607072194417
1710364845.8209496,1.0315775209003024
1710364845.8210833,0.8686821990542941
1710364845.821217,0.6465839677386813
1710364845.8213508,0.37894517183303833
1710364845.8214848,0.08188009262084961
1710364845.8216186,-0.2263506915834215
1710364845.8217523,-0.5233576562669542
1710364845.821886,-0.7919948630862765
1710364845.8220198,-1.0186027818255954
1710364845.8221538,-1.1846184730529785
1710364845.8222876,-1.2802350521087646
1710364845.8224213,-1.295996109644572
1710364845.822555,-1.2297999858856201
1710364845.8226888,-1.0847989055845473
1710364845.8228228,-0.8729012144936455
1710364845.8229566,-0.6063655349943373
1710364845.8230903,-0.3027039104037815
1710364845.823224,0.020225079109271366
1710364845.823358,0.3414617313279046
1710364845.8234918,0.637125571568807
1710364845.8236256,0.8911021550496419
1710364845.8237593,1.087977819972568
1710364845.823893,1.2151413493686252
1710364845.824027,1.2631340821584065
1710364845.8241608,1.2281028429667156
1710364845.8242946,1.1132003201378715
1710364845.8244283,0.9268340799543593
1710364845.8245623,0.6823158926433986
1710364845.824696,0.39435893297195435
1710364845.8248298,0.08047884537114038
1710364845.8249636,-0.23825900422202215
1710364845.8250973,-0.5377176735136244
1710364845.8252313,-0.8018016815185547
1710364845.825365,-1.0151003466712103
1710364845.8254988,-1.1636038621266682
1710364845.8256326,-1.237155066596137
1710364845.8257666,-1.230850617090861
1710364845.8259003,-1.1439900928073459
1710364845.826034,-0.9846291277143691
1710364845.8261678,-0.7657265663146973
1710364845.8263016,-0.5009420381651984
1710364845.8264356,-0.206386794646581
1710364845.8265693,0.0997460385163625
1710364845.826703,0.3968111011717054
1710364845.8268368,0.6662015120188395
1710364845.8269706,0.8932040797339545
1710364845.8271046,1.0648572444915771
1710364845.8272383,1.1696006192101371
1710364845.827372,1.2011288272009955
1710364845.8275058,1.1552378866407607
1710364845.8276398,1.0350806183285184
1710364845.8277736,0.8532684379153781
1710364845.8279073,0.6171577506595187
1710364845.828041,0.3442642092704773
1710364845.8281748,0.04965133551094267
1710364845.8283088,-0.24806583921114603
1710364845.8284426,-0.5289615856276618
1710364845.8285763,-0.7786856094996134
1710364845.82871,-0.982177389992608
1710364845.828844,-1.1292799313863118
1710364845.8289778,-1.2094857957628038
1710364845.8291116,-1.218592193391588
1710364845.8292453,-1.15379704369439
1710364845.829379,-1.0224554273817275
1710364845.829513,-0.8298212289810181
1710364845.8296468,-0.5923557281494141
1710364845.8297806,-0.3191653887430827
1710364845.8299143,-0.028813046713670094
1710364845.830048,0.2615904476907518
1710364845.830182,0.5313311351670159
1710364845.8303158,0.7670915126800537
1710364845.8304496,0.9548590580622355
1710364845.8305833,1.0795703199174669
1710364845.8307173,1.1342191696166992
1710364845.830851,1.114251348707411
1710364845.8309848,1.0200172000461154
1710364845.8311186,0.8574721548292372
1710364845.8312523,0.6378261910544502
1710364845.8313863,0.3743911120626661
1710364845.83152,0.08223041064209408
1710364845.8316538,-0.22109703885184392
1710364845.8317876,-0.5132005943192376
1710364845.8319216,-0.7790358199013604
1710364845.8320553,-1.0031920671463013
1710364845.832189,-1.1692077583736844
1710364845.8323228,-1.2672760751512315
1710364845.8324566,-1.2882906860775418
1710364845.8325906,-1.2276984585656059
1710364845.8327243,-1.0911032888624403
1710364845.832858,-0.8855100472768147
1710364845.8329918,-0.6256289614571465
1710364845.8331256,-0.32687074608272976
1710364845.8332596,-0.005346694443788793
1710364845.8333933,0.31623923116260105
1710364845.833527,0.614355206489563
1710364845.8336608,0.8742871549394395
1710364845.8337948,1.0795703199174669
1710364845.8339286,1.2161922454833984
1710364845.8340623,1.2746944692399766
1710364845.834196,1.2512234846750896
1710364845.8343298,1.145779424243503
1710364845.8344638,0.9678206178877089
1710364845.8345976,0.7299584150314331
1710364845.8347313,0.4458548625310262
1710364845.834865,0.13442698452207777
1710364845.834999,-0.18502190709114075
1710364845.8351328,-0.4890337586402893
1710364845.8352666,-0.7590719064076741
1710364845.8354003,-0.9786749548382229
1710364845.835534,-1.134883827633328
1710364845.835668,-1.214739481608073
1710364845.8358018,-1.2133385075463188
1710364845.8359356,-1.1289297209845648
1710364845.8360693,-0.9695686234368218
1710364845.8362033,-0.747864113913642
1710364845.836337,-0.4771254460016886
1710364845.8364708,-0.17521507210201687
1710364845.8366046,0.13968166377809313
1710364845.8367383,0.4455045527882046
1710364845.8368723,0.7229521539476182
1710364845.837006,0.9566106398900349
1710364845.8371398,1.1328177981906467
1710364845.8372736,1.2400135729047987
1710364845.8374074,1.2711913055843778
1710364845.8375413,1.2228482299380832
1710364845.837675,1.099187864197625
1710364845.8378088,0.9089681175020006
1710364845.8379426,0.6651505496766832
1710364845.8380766,0.38244830237494576
1710364845.8382103,0.07837697035736507
1710364845.838344,-0.22810192571745977
1710364845.8384778,-0.5149518118964301
1710364845.8386116,-0.7685285144382052
1710364845.8387456,-0.9744720326529609
1710364845.8388793,-1.1194731129540336
1710364845.839013,-1.1965268188052707
1710364845.8391469,-1.1996789773305256
1710364845.8392808,-1.1292799313863118
1710364845.8394146,-0.9909335109922621
1710364845.8395483,-0.7940963241789076
1710364845.839682,-0.5520776907602946
1710364845.8398159,-0.2788873182402717
1710364845.8399498,0.010066013783216476
1710364845.8400836,0.29662171999613446
1710364845.8402174,0.5611077282163832
1710364845.840351,0.7881102959314982
1710364845.8404849,0.9657187594307793
1710364845.8406188,1.0816722446017795
1710364845.8407526,1.1272128423055012
1710364845.8408864,1.0984872447119818
1710364845.84102,0.9972469011942545
1710364845.841154,0.8297974533504909
1710364845.8412879,0.6080496311187744
1710364845.8414216,0.3442642092704773
1710364845.8415554,0.053154461913638644
1710364845.841689,-0.24666484859254625
1710364845.841823,-0.5342152383592393
1710364845.8419569,-0.7944466008080376
1710364845.8420906,-1.0143998596403334
1710364845.8422244,-1.1776136027442083
1710364845.8423584,-1.2742809454600017
1710364845.842492,-1.2956457667880588
1710364845.8426259,-1.2392565939161513
1710364845.8427596,-1.1075647672017415
1710364845.8428934,-0.9096768829557631
1710364845.8430274,-0.6585518519083658
1710364845.843161,-0.36714881658554077
1710364845.8432949,-0.054731108248233795
1710364845.8434286,0.26053951846228707
1710364845.8435624,0.5555027061038547
1710364845.8436964,0.8126321766111586
1710364845.84383,1.0151127974192302
1710364845.8439639,1.153486304812961
1710364845.8440976,1.2158419026268852
1710364845.8442316,1.1965747674306233
1710364845.8443654,1.0963853200276692
1710364845.844499,0.9240315357844034
1710364845.8446329,0.6900227732128567
1710364845.8447666,0.4104733135965135
1710364845.8449006,0.1018479135301378
1710364845.8450344,-0.2172443601820204
1710364845.845168,-0.5219566822052002
1710364845.8453019,-0.7958475748697916
1710364845.8454359,-1.0210544533199735
1710364845.8455696,-1.1832174989912245
1710364845.8457034,-1.2697278128729925
1710364845.845837,-1.2749813662634955
1710364845.8459709,-1.1965268188052707
1710364845.8461049,-1.0403178797827826
1710364845.8462386,-0.8193139235178629
1710364845.8463724,-0.546473761399587
1710364845.846506,-0.2403604653146532
1710364845.84664,0.08047884537114038
1710364845.8467739,0.39330797062979805
1710364845.8469076,0.6791630718443129
1710364845.8470414,0.9212290578418307
1710364845.8471751,1.1047928200827704
1710364845.847309,1.218294170167711
1710364845.8474429,1.2540259626176622
1710364845.8475766,1.2095362610287137
1710364845.8477104,1.0869269238577948
1710364845.8478441,0.8967071771621704
1710364845.847978,0.6511380275090536
1710364845.8481119,0.3666842314932081
1710364845.8482456,0.05946008695496453
1710364845.8483794,-0.25016730030377704
1710364845.8485134,-0.5394688910908169
1710364845.848647,-0.7930456267462836
1710364845.8487809,-0.9979383813010322
1710364845.8489146,-1.140487723880344
1710364845.8490484,-1.2119375334845648
1710364845.8491824,-1.2084350321027968
1710364845.8493161,-1.1292799313863118
1710364845.8494499,-0.982527666621738
1710364845.8495836,-0.7769343588087294
1710364845.8497176,-0.5282610985967848
1710364845.8498514,-0.24876632624202305
1710364845.8499851,0.043345710469616786
1710364845.8501189,0.32990141047371757
1710364845.8502526,0.5933364894655015
1710364845.8503866,0.8192880948384602
1710364845.8505204,0.9923424985673692
1710364845.8506541,1.1023406849967108
1710364845.8507879,1.1433272891574435
1710364845.8509216,1.1089966032240126
1710364845.8510556,1.00250158045027
1710364845.8511894,0.8308484156926472
1710364845.8513231,0.6069986687766181
1710364845.8514569,0.34251266055636936
1710364845.8515909,0.053154461913638644
1710364845.8517246,-0.2445633874999152
1710364845.8518584,-0.5265098479059007
1710364845.8519921,-0.7828885316848755
1710364845.852126,-0.9961871306101481
1710364845.8522599,-1.154847674899631
1710364845.8523936,-1.2473120954301622
1710364845.8525274,-1.2686770492129855
1710364845.8526611,-1.212988297144572
1710364845.8527951,-1.0847989055845473
1710364845.8529289,-0.8928651279873318
1710364845.8530626,-0.6480445464452108
1710364845.8531964,-0.36714881658554077
1710364845.8533301,-0.061035499804549746
1710364845.8534641,0.24617670310868156
1710364845.8535979,0.5344839559661018
1710364845.8537316,0.7870593335893419
1710364845.8538654,0.9891896777682834
1710364845.8539991,1.1272128423055012
1710364845.8541331,1.1920207076602511
1710364845.854267,1.1766069465213351
1710364845.8544006,1.0823728640874226
1710364845.8545344,0.9173756175571017
1710364845.8546684,0.6914240121841431
1710364845.8548021,0.4192311233944363
1710364845.854936,0.11656103862656488
1710364845.8550696,-0.19798093371921116
1710364845.8552034,-0.4988405770725674
1710364845.8553374,-0.7709802521599664
1710364845.8554711,-0.9975881046719021
1710364845.855605,-1.1629033088684082
1710364845.8557386,-1.2539667553371854
1710364845.8558726,-1.2651745478312175
1710364845.8560064,-1.1909227901034884
1710364845.8561401,-1.0392671823501587
1710364845.856274,-0.8189636468887329
1710364845.8564076,-0.546473761399587
1710364845.8565416,-0.23755851719114515
1710364845.8566754,0.08853603568341997
1710364845.8568091,0.40872173176871407
1710364845.856943,0.7033346096674601
1710364845.857077,0.9548590580622355
1710364845.8572106,1.1478813489278157
1710364845.8573444,1.2701404094696045
1710364845.8574781,1.3125281863742404
1710364845.857612,1.2732932302686903
1710364845.857746,1.1538366476694744
1710364845.8578796,0.964667797088623
1710364845.8580134,0.7162961694929335
1710364845.8581471,0.4290398624208238
1710364845.858281,0.11691135664780934
1710364845.858415,-0.20043263832728067
1710364845.8585486,-0.49708935949537486
1710364845.8586824,-0.7573207219441731
1710364845.8588161,-0.9667666753133137
1710364845.8589501,-1.1124682426452637
1710364845.859084,-1.1849686834547255
1710364845.8592176,-1.1790145768059623
1710364845.8593514,-1.0949560006459553
1710364845.8594851,-0.9415490759743584
1710364845.8596191,-0.7293011744817098
1710364845.859753,-0.4718717932701111
1710364845.8598866,-0.18572239412201774
1710364845.8600204,0.11340822610590193
1710364845.8601544,0.40206581354141235
1710364845.8602881,0.6655008925331963
1710364845.860422,0.8879493342505561
1710364845.8605556,1.0560994015799627
1710364845.8606894,1.1604924996693928
1710364845.8608234,1.1916703648037381
1710364845.8609571,1.1471806632147894
1710364845.861091,1.0301762819290161
1710364845.8612247,0.849064654774136
1710364845.8613584,0.6168074078030056
1710364845.8614924,0.344964861869812
1710364845.8616261,0.051753210524717964
1710364845.86176,-0.24701509210798475
1710364845.8618937,-0.5289615856276618
1710364845.8620276,-0.7821880446539985
1710364845.8621614,-0.991283721394009
1710364845.8622952,-1.1439900928073459
1710364845.862429,-1.230500406689114
1710364845.8625627,-1.2466116746266682
1710364845.8626966,-1.1863696575164795
1710364845.8628304,-1.0574798451529608
1710364845.8629642,-0.8676475948757595
1710364845.863098,-0.6284309095806545
1710364845.863232,-0.3531390428543091
1710364845.8633657,-0.05753306051095326
1710364845.8634994,0.2398710780673557
1710364845.8636332,0.5183695753415426
1710364845.863767,0.7614864905675252
1710364845.863901,0.9548590580622355
1710364845.8640347,1.0848250654008653
1710364845.8641684,1.1447285281287298
1710364845.8643022,1.1275631851620145
1710364845.864436,1.0340297222137451
1710364845.86457,0.8704337146547105
1710364845.8647037,0.6483355495664809
1710364845.8648374,0.38209799263212413
1710364845.8649712,0.08468259539869097
1710364845.8651052,-0.22319849994447497
1710364845.865239,-0.5191547340816921
1710364845.8653727,-0.7888426383336384
1710364845.8655064,-1.0136993726094563
1710364845.8656402,-1.1804155508677165
1710364845.8657742,-1.2760321299235027
1710364845.865908,-1.2921433978610568
1710364845.8660417,-1.226297484503852
1710364845.8661754,-1.0826974444919162
1710364845.8663094,-0.8707997534010146
1710364845.8664432,-0.6046142843034532
1710364845.866577,-0.30095269282658893
1710364845.8667107,0.022326954123046663
1710364845.8668444,0.3435635897848341
1710364845.8669784,0.6395777066548666
1710364845.8671122,0.8946053187052408
1710364845.867246,1.0925318797429402
1710364845.8673797,1.2207463052537706
1710364845.8675137,1.2701404094696045
1710364845.8676474,1.2361600663926866
1710364845.8677812,1.1216078864203558
1710364845.867915,0.9362924761242336
1710364845.8680487,0.6917742888132731
1710364845.8681827,0.4034670525126987
1710364845.8683164,0.08958697319030762
1710364845.8684502,-0.2302033868100908
1710364845.868584,-0.5310630467202928
1710364845.8687177,-0.7972485489315456
1710364845.8688517,-1.0126486089494493
1710364845.8689854,-1.1632535192701552
1710364845.8691192,-1.238556040657891
1710364845.869253,-1.234703328874376
1710364845.869387,-1.149243778652615
1710364845.8695207,-0.9916339980231391
1710364845.8696544,-0.7744826873143513
1710364845.8697882,-0.5103986461957296
1710364845.869922,-0.21654387315114337
1710364845.870056,0.08923665516906314
1710364845.8701897,0.38665205240249634
1710364845.8703234,0.6556920872794257
1710364845.8704572,0.8830449978510538
1710364845.8705912,1.0550484392378066
1710364845.870725,1.1594416035546196
1710364845.8708587,1.1909698115454779
1710364845.8709924,1.145779424243503
1710364845.8711262,1.026322841644287
1710364845.8712602,0.8434596326616075
1710364845.871394,0.6073489454057481
1710364845.8715277,0.3344554702440898
1710364845.8716614,0.038791646560033165
1710364845.8717952,-0.25892340474658543
1710364845.8719292,-0.5398191346062554
1710364845.872063,-0.7891929149627686
1710364845.8721967,-0.9933851824866401
1710364845.8723304,-1.13908674981859
1710364845.8724644,-1.219993167453342
1710364845.8725982,-1.2283990118238661
1710364845.872732,-1.1636038621266682
1710364845.8728657,-1.0305110613505046
1710364845.8729994,-0.8382270733515421
1710364845.8731334,-0.5986601114273071
1710364845.8732672,-0.32722098959816825
1710364845.873401,-0.03686865998639001
1710364845.8735347,0.2538835671212938
1710364845.8736687,0.5253758364253573
1710364845.8738024,0.760785871081882
1710364845.8739362,0.9475025203492906
1710364845.87407,1.0725641250610352
1710364845.8742037,1.1268624994489882
1710364845.8743377,1.106894744767083
1710364845.8744714,1.0119600428475273
1710364845.8746052,0.8501156171162922
1710364845.874739,0.6308199299706353
1710364845.8748727,0.36808547046449447
1710364845.8750067,0.07627509534358978
1710364845.8751404,-0.22600044806798297
1710364845.8752742,-0.5170532729890611
1710364845.875408,-0.7821880446539985
1710364845.875542,-1.0056437386406791
1710364845.8756757,-1.1713091532389324
1710364845.8758094,-1.2690272596147325
1710364845.8759432,-1.2886408964792888
1710364845.876077,-1.2287492222256131
1710364845.876211,-1.0911032888624403
1710364845.8763447,-0.8855100472768147
1710364845.8764784,-0.6252786848280165
1710364845.8766122,-0.32652050256729126
1710364845.8767462,-0.005696938476628727
1710364845.87688,0.3158888883060879
1710364845.8770137,0.6147055493460761
1710364845.8771474,0.8742871549394395
1710364845.8772812,1.0774684614605374
1710364845.8774152,1.2144406636555989
1710364845.877549,1.272242334153917
1710364845.8776827,1.2484210067325168
1710364845.8778164,1.1422762605879042
1710364845.8779504,0.9653684165742662
1710364845.8780842,0.7264552513758341
1710364845.878218,0.44235173198911876
1710364845.8783517,0.1302232344945272
1710364845.8784854,-0.1899253163072798
1710364845.8786194,-0.49253619379467434
1710364845.8787532,-0.7622241311603122
1710364845.878887,-0.981476902961731
1710364845.8790207,-1.136635012096829
1710364845.8791544,-1.216140455669827
1710364845.8792884,-1.2140389283498128
1710364845.8794222,-1.1289297209845648
1710364845.879556,-0.9688681364059448
1710364845.8796897,-0.7454123761918809
1710364845.8798237,-0.47362301084730357
1710364845.8799574,-0.17136237687534756
1710364845.8800912,0.14493635959095424
1710364845.880225,0.4511095749007331
1710364845.8803587,0.7292577293184068
1710364845.8804927,0.9632665581173366
1710364845.8806264,1.1401744683583577
1710364845.8807602,1.2477204534742568
1710364845.880894,1.2778472900390625
1710364845.881028,1.2295040819380019
1710364845.8811617,1.1051431629392836
1710364845.8812954,0.9149234162436591
1710364845.8814292,0.6700549523035685
1710364845.881563,0.3880532913737827
1710364845.881697,0.08433228565586938
1710364845.8818307,-0.22284825642903644
1710364845.8819644,-0.5089976721339755
1710364845.8820982,-0.7629246181911892
1710364845.882232,-0.9678173727459377
1710364845.882366,-1.1135188738505046
1710364845.8824997,-1.1888213952382405
1710364845.8826334,-1.1926741070217557
1710364845.8827672,-1.1215745078192816
1710364845.8829012,-0.982527666621738
1710364845.883035,-0.7867411772410074
1710364845.8831687,-0.5454230308532715
1710364845.8833025,-0.27258291840553284
1710364845.8834362,0.015671015199687745
1710364845.8835702,0.30082547002368504
1710364845.883704,0.5646108256445991
1710364845.8838377,0.7909127738740709
1710364845.8839715,0.9688715802298652
1710364845.8841054,1.083774103058709
1710364845.8842392,1.1289644241333008
1710364845.884373,1.0998884836832683
1710364845.8845067,0.9986481401655409
1710364845.8846405,0.8322496546639336
1710364845.8847744,0.610151489575704
1710364845.8849082,0.3470667203267415
1710364845.885042,0.05735821194118924
1710364845.8851757,-0.2417614393764072
1710364845.8853095,-0.5282610985967848
1710364845.8854434,-0.7884924279318916
1710364845.8855772,-1.0066945023006864
1710364845.885711,-1.1699081791771782
1710364845.8858447,-1.2665755218929715
1710364845.8859787,-1.2875902652740479
1710364845.8861125,-1.231901380750868
1710364845.8862462,-1.1019608709547255
1710364845.88638,-0.904773473739624
1710364845.8865137,-0.6546992063522339
1710364845.8866477,-0.36539759900834823
1710364845.8867815,-0.05438086473279529
1710364845.8869152,0.2594885726769765
1710364845.887049,0.5523498853047689
1710364845.887183,0.8080781168407863
1710364845.8873167,1.0116096999910142
1710364845.8874505,1.1482315593295627
1710364845.8875842,1.2098866038852267
1710364845.887718,1.1909698115454779
1710364845.887852,1.091130640771654
1710364845.8879857,0.9194774760140313
1710364845.8881195,0.6868699524137709
1710364845.8882532,0.40837142202589244
1710364845.8883872,0.10149759550889333
1710364845.888521,-0.2154931260479821
1710364845.8886547,-0.5188044905662537
1710364845.8887885,-0.7902436123953925
1710364845.8889222,-1.0140495830112033
1710364845.8890562,-1.1741111013624403
1710364845.88919,-1.2599209944407146
1710364845.8893237,-1.2637735737694633
1710364845.8894575,-1.1835677093929715
1710364845.8895912,-1.0277091132269964
1710364845.8897252,-0.8060046037038167
1710364845.889859,-0.5338649948438009
1710364845.8899927,-0.2284521692328983
1710364845.8901265,0.0920391579469045
1710364845.8902605,0.4034670525126987
1710364845.8903942,0.6886214680141872
1710364845.890528,0.9292862150404189
1710364845.8906617,1.110748185051812
1710364845.8907955,1.222147544225057
1710364845.8909295,1.2561278873019748
1710364845.8910632,1.2098866038852267
1710364845.891197,1.0851753420299954
1710364845.8913307,0.8939046992195977
1710364845.8914647,0.6469343105951945
1710364845.8915985,0.3614295522371928
1710364845.8917322,0.053154461913638644
1710364845.891866,-0.2564716835816701
1710364845.8919997,-0.5468240049150255
1710364845.8921337,-0.8021519581476847
1710364845.8922675,-1.0059940152698092
1710364845.8924012,-1.148893568250868
1710364845.892535,-1.219642824596829
1710364845.8926687,-1.216490666071574
1710364845.8928027,-1.136635012096829
1710364845.8929365,-0.989182260301378
1710364845.8930702,-0.7832387420866225
1710364845.893204,-0.5342152383592393
1710364845.893338,-0.2550707095199161
1710364845.8934717,0.037390395171112485
1710364845.8936055,0.32429642147488064
1710364845.8937392,0.5880818102094862
1710364845.893873,0.8122818337546455
1710364845.894007,0.9856865803400675
1710364845.8941407,1.0960350433985393
1710364845.8942745,1.1356204085879855
1710364845.8944082,1.1023406849967108
1710364845.8945422,0.9958456622229682
1710364845.894676,0.8255937364366319
1710364845.8948097,0.6017439895206027
1710364845.8949435,0.337257981300354
1710364845.8950772,0.04895071188608805
1710364845.8952112,-0.24701509210798475
1710364845.895345,-0.5300123161739773
1710364845.8954787,-0.7846397161483765
1710364845.8956125,-0.9979383813010322
1710364845.8957462,-1.156248648961385
1710364845.8958802,-1.2487130694919162
1710364845.896014,-1.2693774700164795
1710364845.8961477,-1.2140389283498128
1710364845.8962815,-1.0854993926154242
1710364845.8964155,-0.8932154046164619
1710364845.8965492,-0.6490953101052178
1710364845.896683,-0.36784930361641777
1710364845.8968167,-0.06313696503639221
1710364845.8969505,0.24477544758054945
1710364845.8970845,0.5327324072519938
1710364845.8972182,0.7853077517615424
1710364845.897352,0.9877884387969971
1710364845.8974857,1.1251109176211886
1710364845.8976197,1.1902691258324516
1710364845.8977535,1.1759062608083088
1710364845.8978872,1.0823728640874226
1710364845.898021,0.9170252747005886
1710364845.8981547,0.6917742888132731
1710364845.8982887,0.4188808136516147
1710364845.8984225,0.11656103862656488
1710364845.8985562,-0.19728044668833414
1710364845.89869,-0.4995410641034444
1710364845.898824,-0.7730817132525973
1710364845.8989577,-1.0000398423936632
1710364845.8990915,-1.1657052569919162
1710364845.8992252,-1.2588702307807074
1710364845.899359,-1.2697278128729925
1710364845.899493,-1.1972272396087646
1710364845.8996267,-1.0459218422571819
1710364845.8997605,-0.82666900422838
1710364845.8998942,-0.5552298823992411
1710364845.900028,-0.24526387453079224
1710364845.900162,0.0797782176070743
1710364845.9002957,0.40101485119925606
1710364845.9004295,0.6963283485836452
1710364845.9005632,0.9482031398349338
1710364845.9006972,1.141575707329644
1710364845.900831,1.264185110727946
1710364845.9009647,1.3076237837473552
1710364845.9010985,1.2687391704983182
1710364845.9012322,1.1503334840138753
1710364845.9013662,0.9611646996604072
1710364845.9015,0.7152452733781602
1710364845.9016337,0.42658769422107273
1710364845.9017675,0.11551010111967722
1710364845.9019015,-0.2018336123890347
1710364845.9020352,-0.49743960301081336
1710364845.902169,-0.7587216960059272
1710364845.9023027,-0.9674671623441908
1710364845.9024365,-1.1135188738505046
1710364845.9025705,-1.1853188938564725
1710364845.9027042,-1.1790145768059623
1710364845.902838,-1.0946057240168254
1710364845.9029717,-0.9397978915108575
1710364845.9031055,-0.7275499900182089
1710364845.9032395,-0.46906984514660305
1710364845.9033732,-0.18186969889534843
1710364845.903507,0.11761197613345252
1710364845.9036407,0.4076708025402493
1710364845.9037747,0.6714561912748549
1710364845.9039085,0.8946053187052408
1710364845.9040422,1.0634559392929077
1710364845.904176,1.1674988269805908
1710364845.9043097,1.1993772453731961
1710364845.9044437,1.1559384398990207
1710364845.9045775,1.0389340586132474
1710364845.9047112,0.8588733938005235
1710364845.904845,0.6269664896859063
1710364845.904979,0.3558245301246643
1710364845.9051127,0.062262589732805886
1710364845.9052465,-0.23545703954166836
1710364845.9053802,-0.5177537600199381
1710364845.905514,-0.7706299755308363
1710364845.905648,-0.9786749548382229
1710364845.9057817,-1.1310311158498128
1710364845.9059155,-1.218241850535075
1710364845.9060493,-1.233652565214369
1710364845.906183,-1.1744614442189534
1710364845.906317,-1.0466223292880588
1710364845.9064507,-0.8560895257525973
1710364845.9065845,-0.6168728404574924
1710364845.9067183,-0.3429819809065925
1710364845.9068522,-0.0484267125527064
1710364845.906986,0.24862888786527845
1710364845.9071198,0.5260764559110006
1710364845.9072535,0.7677921321656969
1710364845.9073873,0.960814356803894
1710364845.9075212,1.0907803641425238
1710364845.907655,1.148932245042589
1710364845.9077888,1.1314165592193604
1710364845.9079225,1.0368322001563177
1710364845.9080565,0.8732362588246663
1710364845.9081903,0.6511380275090536
1710364845.908324,0.38384954134623206
1710364845.9084578,0.08678447041246626
1710364845.9085915,-0.22144728236728245
1710364845.9087255,-0.5188044905662537
1710364845.9088593,-0.7881421513027614
1710364845.908993,-1.0136993726094563
1710364845.9091268,-1.1818165249294705
1710364845.9092607,-1.2777834468417697
1710364845.9093945,-1.2942447927263048
1710364845.9095283,-1.2287492222256131
1710364845.909662,-1.0851491159862943
1710364845.9097958,-0.8736017015245225
1710364845.9099298,-0.6074162324269613
1710364845.9100635,-0.30340439743465847
1710364845.9101973,0.020225079109271366
1710364845.910331,0.3421623508135478
1710364845.9104648,0.6388770871692233
1710364845.9105988,0.8949555953343709
1710364845.9107325,1.0946338044272528
1710364845.9108663,1.2231985727945964
1710364845.911,1.2739937835269504
1710364845.911134,1.242115365134345
1710364845.9112678,1.1289644241333008
1710364845.9114015,0.9432987372080485
1710364845.9115353,0.6991308927536011
1710364845.911669,0.41187455256779987
1710364845.911803,0.0979944732454088
1710364845.9119368,-0.22144728236728245
1710364845.9120705,-0.5233576562669542
1710364845.9122043,-0.7898934019936455
1710364845.9123383,-1.0059940152698092
1710364845.912472,-1.1569492022196453
1710364845.9126058,-1.232952144410875
1710364845.9127395,-1.22909943262736
1710364845.9128733,-1.1446906460656059
1710364845.9130073,-0.987781286239624
1710364845.913141,-0.7702797651290894
1710364845.9132748,-0.5058454473813375
1710364845.9134085,-0.21164044737815857
1710364845.9135423,0.09519197046756744
1710364845.9136763,0.3919067316585117
1710364845.91381,0.6612971093919542
1710364845.9139438,0.8893506394492255
1710364845.9140775,1.060653461350335
1710364845.9142115,1.164696349038018
1710364845.9143453,1.1962244245741103
1710364845.914479,1.1506838268703885
1710364845.9146128,1.0301762819290161
1710364845.9147465,0.8462621768315632
1710364845.9148805,0.6098011467191908
1710364845.9150143,0.33515608972973293
1710364845.915148,0.03844133267800013
1710364845.9152818,-0.2610248658392164
1710364845.9154158,-0.542971326245202
1710364845.9155495,-0.7933958371480305
1710364845.9156833,-0.9989890787336562
1710364845.915817,-1.1457414097256131
1710364845.9159508,-1.226297484503852
1710364845.9160848,-1.235053671730889
1710364845.9162185,-1.1706087324354384
1710364845.9163523,-1.0375159316592746
1710364845.916486,-0.8448817332585652
1710364845.91662,-0.6053147713343302
1710364845.9167538,-0.33247464232974583
1710364845.9168875,-0.04177207748095194
1710364845.9170213,0.25073076287905377
1710364845.917155,0.5218727058834499
1710364845.917289,0.7579833931393093
1710364845.9174228,0.9450503190358479
1710364845.9175565,1.0708125432332356
1710364845.9176903,1.125811603334215
1710364845.917824,1.10654440191057
1710364845.917958,1.0112594233618841
1710364845.9180918,0.8501156171162922
1710364845.9182255,0.6304695871141222
1710364845.9183593,0.36633392175038654
1710364845.9184933,0.07452353007263607
1710364845.918627,-0.2288024127483368
1710364845.9187608,-0.5209059516588846
1710364845.9188945,-0.7867411772410074
1710364845.9190283,-1.0108974244859483
1710364845.9191623,-1.1776136027442083
1710364845.919296,-1.2756819195217557
1710364845.9194298,-1.297397083706326
1710364845.9195635,-1.237155066596137
1710364845.9196975,-1.1005598968929715
1710364845.9198313,-0.8956670761108398
1710364845.919965,-0.6361362669203017
1710364845.9200988,-0.33632732099956936
1710364845.9202325,-0.014453039815028507
1710364845.9203665,0.3071310785081651
1710364845.9205003,0.6069986687766181
1710364845.920634,0.8672808938556247
1710364845.9207678,1.0725641250610352
1710364845.9209015,1.2098866038852267
1710364845.9210355,1.2687391704983182
1710364845.9211693,1.2456185287899442
1710364845.921303,1.141225364473131
1710364845.9214368,0.9632665581173366
1710364845.9215708,0.7250540124045478
1710364845.9217045,0.44130080276065403
1710364845.9218383,0.1302232344945272
1710364845.921972,-0.1906258033381568
1710364845.9221058,-0.49323668082555133
1710364845.9222398,-0.7639753156238132
1710364845.9223735,-0.9835783640543619
1710364845.9225073,-1.139787170622084
1710364845.922641,-1.219292614195082
1710364845.922775,-1.217541429731581
1710364845.9229088,-1.1327823003133137
1710364845.9230425,-0.9727207819620768
1710364845.9231763,-0.749615364604526
1710364845.92331,-0.47852642006344265
1710364845.923444,-0.17451458507113987
1710364845.9235778,0.14213386509153578
1710364845.9237115,0.44830706384446883
1710364845.9238453,0.7278564903471205
1710364845.923979,0.9625659386316935
1710364845.924113,1.1401744683583577
1710364845.9242468,1.2477204534742568
1710364845.9243805,1.280299425125122
1710364845.9245143,1.2326569027370877
1710364845.9246483,1.1089966032240126
1710364845.924782,0.9191271993849013
1710364845.9249158,0.6746090120739406
1710364845.9250495,0.39330797062979805
1710364845.9251833,0.08888634542624156
1710364845.9253173,-0.21654387315114337
1710364845.925451,-0.5044444733195834
1710364845.9255848,-0.7562699582841661
1710364845.9257185,-0.9611627790662978
1710364845.9258525,-1.1051130294799805
1710364845.9259863,-1.1811159716712103
1710364845.92612,-1.1835677093929715
1710364845.9262538,-1.1117676893870037
1710364845.9263875,-0.9709695974985758
1710364845.9265215,-0.7741324106852213
1710364845.9266553,-0.5328142642974854
1710364845.926789,-0.25787265764342415
1710364845.9269228,0.030384144435326256
1710364845.9270568,0.31553857856326634
1710364845.9271905,0.579323967297872
1710364845.9273243,0.8056259155273438
1710364845.927458,0.9821834166844685
1710364845.9275918,1.0963853200276692
1710364845.9277258,1.141225364473131
1710364845.9278595,1.110397842195299
1710364845.9279933,1.0077562597062852
1710364845.928127,0.8389055728912354
1710364845.9282608,0.6157565116882324
1710364845.9283948,0.3516207800971137
1710364845.9285285,0.06051102446185218
1710364845.9286623,-0.23860924773746067
1710364845.928796,-0.5265098479059007
1710364845.92893,-0.7874416642718844
1710364845.9290638,-1.0066945023006864
1710364845.9291975,-1.1688574155171711
1710364845.9293313,-1.2658751010894775
1710364845.929465,-1.2875902652740479
1710364845.929599,-1.231551170349121
1710364845.9297328,-1.1009101072947185
1710364845.9298666,-0.904072986708747
1710364845.9300003,-0.6546992063522339
1710364845.9301343,-0.36504735549290973
1710364845.930268,-0.05262964301639133
1710364845.9304018,0.26053951846228707
1710364845.9305356,0.5548020866182115
1710364845.9306693,0.8105302519268459
1710364845.9308033,1.0144121779335868
1710364845.930937,1.1513843801286485
1710364845.9310708,1.2140903207990859
1710364845.9312046,1.19552387131585
1710364845.9313383,1.095334423912896
1710364845.9314723,0.9243818786409166
1710364845.931606,0.6917742888132731
1710364845.9317398,0.4132757915390862
1710364845.9318736,0.10640197330050997
1710364845.9320076,-0.21164044737815857
1710364845.9321413,-0.5156522989273071
1710364845.932275,-0.7874416642718844
1710364845.9324088,-1.0112476348876953
1710364845.9325426,-1.1737608909606934
1710364845.9326766,-1.2599209944407146
1710364845.9328103,-1.2644741270277235
1710364845.932944,-1.1856692367129855
1710364845.9330778,-1.0294603639178805
1710364845.9332118,-0.8077558543947008
1710364845.9333456,-0.5356162124209933
1710364845.9334793,-0.2291526562637753
1710364845.933613,0.0916888482040829
1710364845.9337468,0.4055689109696282
1710364845.9338808,0.6910736693276299
1710364845.9340146,0.9331396553251479
1710364845.9341483,1.1167034837934706
1710364845.934282,1.2305551105075412
1710364845.9344158,1.2655863496992323
1710364845.9345498,1.2196954091389973
1710364845.9346836,1.095684700542026
1710364845.9348173,0.9047643343607584
1710364845.934951,0.6577940119637383
1710364845.935085,0.3719389107492235
1710364845.9352188,0.06156196196873982
1710364845.9353526,-0.25016730030377704
1710364845.9354863,-0.540869865152571
1710364845.93562,-0.7986495229932997
1710364845.935754,-1.0052935282389324
1710364845.9358878,-1.150644752714369
1710364845.9360216,-1.224546300040351
1710364845.9361553,-1.223145325978597
1710364845.9362893,-1.14609162012736
1710364845.936423,-1.0003900527954102
1710364845.9365568,-0.7965480619006686
1710364845.9366906,-0.548225012090471
1710364845.9368243,-0.2708317008283403
1710364845.9369583,0.021276016616159014
1710364845.937092,0.30818204085032147
1710364845.9372258,0.5709164672427707
1710364845.9373596,0.795116557015313
1710364845.9374936,0.968521237373352
1710364845.9376273,1.0792200432883368
1710364845.937761,1.1198563045925565
1710364845.9378948,1.0865765810012817
1710364845.9380286,0.9807821777131822
1710364845.9381626,0.8115812142690022
1710364845.9382963,0.5887824296951294
1710364845.93843,0.32604797018898857
1710364845.9385638,0.03704008128907945
1710364845.9386976,-0.2564716835816701
1710364845.9388316,-0.5384181605445014
1710364845.9389653,-0.7923451397154067
1710364845.939099,-1.0052935282389324
1710364845.9392328,-1.1629033088684082
1710364845.9393668,-1.2546673085954454
1710364845.9395006,-1.2746311558617485
1710364845.9396343,-1.218241850535075
1710364845.939768,-1.0907530784606934
1710364845.9399018,-0.8988193008634779
1710364845.9400358,-0.6550494167539809
1710364845.9401696,-0.37310295634799534
1710364845.9403033,-0.06944135659270816
1710364845.940437,0.23776920305358037
1710364845.940571,0.5253758364253573
1710364845.9407048,0.7776008711920844
1710364845.9408386,0.9793809387418959
1710364845.9409723,1.1167034837934706
1710364845.941106,1.180460320578681
1710364845.94124,1.165046559439765
1710364845.9413738,1.0711628198623657
1710364845.9415076,0.9054650200737847
1710364845.9416413,0.679863691329956
1710364845.941775,0.4076708025402493
1710364845.941909,0.10500072605080074
1710364845.9420428,-0.20953898628552753
1710364845.9421766,-0.5103986461957296
1710364845.9423103,-0.7832387420866225
1710364845.9424443,-1.0101969374550712
1710364845.942578,-1.1755120754241943
1710364845.9427118,-1.2672760751512315
1710364845.9428456,-1.2784838676452637
1710364845.9429793,-1.2049326631757948
1710364845.9431133,-1.053627199596829
1710364845.943247,-0.83402415116628
1710364845.9433808,-0.5615342987908257
1710364845.9435146,-0.2529692484272851
1710364845.9436486,0.07312228282292683
1710364845.9437823,0.39400862322913277
1710364845.943916,0.6882711913850572
1710364845.9440498,0.9401459164089626
1710364845.9441836,1.133518483903673
1710364845.9443176,1.2554272015889485
1710364845.9444513,1.298866007063124
1710364845.944585,1.2596310509575737
1710364845.9447188,1.1405246787601047
1710364845.9448526,0.9510056177775065
1710364845.9449866,0.7054365343517727
1710364845.9451203,0.4174795415666368
1710364845.945254,0.10535103579362233
1710364845.9453878,-0.21023947331640455
1710364845.9455218,-0.5061957240104675
1710364845.9456556,-0.7657265663146973
1710364845.9457893,-0.9744720326529609
1710364845.945923,-1.1194731129540336
1710364845.9460568,-1.1912731329600017
1710364845.9461908,-1.1846184730529785
1710364845.9463246,-1.0995091332329643
1710364845.9464583,-0.9447013007269965
1710364845.946592,-0.7314026355743408
1710364845.946726,-0.47362301084730357
1710364845.9468598,-0.18677312466833326
1710364845.9469936,0.11270759834183587
1710364845.9471273,0.4027664330270555
1710364845.947261,0.6672524081336128
1710364845.947395,0.8904015355639987
1710364845.9475288,1.0592522223790486
1710364845.9476626,1.1636453204684787
1710364845.9477963,1.195874081717597
1710364845.9479303,1.1527856190999348
1710364845.948064,1.0361315806706746
1710364845.9481978,0.8578224976857503
1710364845.9483316,0.62556525071462
1710364845.9484653,0.35652514961030746
1710364845.9485993,0.06436446474658118
1710364845.948733,-0.23300533493359882
1710364845.9488668,-0.5139010813501146
1710364845.9490006,-0.7660767767164443
1710364845.9491343,-0.9734212689929538
1710364845.9492683,-1.1254272196027968
1710364845.949402,-1.2112369802263048
1710364845.9495358,-1.2266476949055989
1710364845.9496696,-1.1667560206519232
1710364845.9498036,-1.0392671823501587
1710364845.9499373,-0.8494348658455743
1710364845.950071,-0.6119694312413534
1710364845.9502048,-0.3380785716904534
1710364845.9503386,-0.04492427325910992
1710364845.9504726,0.25073076287905377
1710364845.9506063,0.5267770753966438
1710364845.95074,0.7677921321656969
1710364845.9508739,0.9601137373182509
1710364845.9510078,1.0897294018003676
1710364845.9511416,1.148932245042589
1710364845.9512753,1.1314165592193604
1710364845.951409,1.0375328196419609
1710364845.9515429,0.8742871549394395
1710364845.9516768,0.6535902288224962
1710364845.9518106,0.38665205240249634
1710364845.9519444,0.09098822044001685
1710364845.952078,-0.21619362963570488
1710364845.9522119,-0.512850350803799
1710364845.9523458,-0.7811372809939914
1710364845.9524796,-1.0073949893315632
1710364845.9526134,-1.1741111013624403
1710364845.952747,-1.2704282336764865
1710364845.952881,-1.2879404756757948
1710364845.9530149,-1.223845746782091
1710364845.9531486,-1.0802457067701552
1710364845.9532824,-0.8700992663701375
1710364845.953416,-0.6049645609325832
1710364845.95355,-0.3020034233729045
1710364845.9536839,0.021976642310619354
1710364845.9538176,0.34286297029919094
1710364845.9539514,0.6399280495113796
1710364845.9540854,0.8963568343056573
1710364845.954219,1.095684700542026
1710364845.9543529,1.2253003650241427
1710364845.9544866,1.2771466043260362
1710364845.9546204,1.2456185287899442
1710364845.9547544,1.133868826760186
1710364845.954888,0.9503049982918633
1710364845.9550219,0.7068377733230591
1710364845.9551556,0.42063236236572266
1710364845.9552894,0.10815353857146369
1710364845.9554234,-0.21129020386272007
1710364845.955557,-0.5125001072883606
1710364845.9556909,-0.7790358199013604
1710364845.9558246,-0.9947861565483941
1710364845.9559586,-1.1464418305291069
1710364845.9560924,-1.223145325978597
1710364845.956226,-1.219642824596829
1710364845.9563599,-1.136284801695082
1710364845.9564936,-0.9797256522708468
1710364845.9566276,-0.7625743415620592
1710364845.9567614,-0.4998913076188829
1710364845.956895,-0.20743752519289652
1710364845.9570289,0.0979944732454088
1710364845.9571629,0.39400862322913277
1710364845.9572966,0.6626983483632406
1710364845.9574304,0.8882996771070693
1710364845.957564,1.0585516028934054
1710364845.9576979,1.1618937386406791
1710364845.9578319,1.1913200219472249
1710364845.9579656,1.1433272891574435
1710364845.9580994,1.0221190585030449
1710364845.958233,0.8371540572908189
1710364845.958367,0.5992917882071601
1710364845.9585009,0.3235957688755459
1710364845.9586346,0.025830080525742635
1710364845.9587684,-0.2746843794981639
1710364845.9589021,-0.5562806129455566
1710364845.959036,-0.8063548803329468
1710364845.9591699,-1.0112476348876953
1710364845.9593036,-1.1587003866831462
1710364845.9594374,-1.238556040657891
1710364845.9595711,-1.2466116746266682
1710364845.959705,-1.1807657612694633
1710364845.9598389,-1.0473228163189359
1710364845.9599726,-0.8536377880308363
1710364845.9601064,-0.6130201286739773
1710364845.9602404,-0.34053027629852295
1710364845.960374,-0.0484267125527064
1710364845.9605079,0.24337419205241734
1710364845.9606416,0.5152167545424567
1710364845.9607754,0.7509771320554945
1710364845.9609094,0.9387446774376763
1710364845.9610431,1.0648572444915771
1710364845.9611769,1.1198563045925565
1710364845.9613106,1.1005891031689115
1710364845.9614446,1.0067052973641288
1710364845.9615784,0.8455615573459201
1710364845.9617121,0.6266161468293932
1710364845.9618459,0.36423203017976546
1710364845.9619796,0.07242165505886078
1710364845.9621136,-0.2295028997792138
1710364845.9622474,-0.5205557081434462
1710364845.9623811,-0.7853402031792535
1710364845.9625149,-1.0087959633933172
1710364845.9626486,-1.1748116546207004
1710364845.9627826,-1.2728799713982475
1710364845.9629164,-1.2945951355828178
1710364845.9630501,-1.234703328874376
1710364845.9631839,-1.0991589228312175
1710364845.9633179,-0.8942661020490859
1710364845.9634516,-0.6354357798894247
1710364845.9635854,-0.3373780846595764
1710364845.9637191,-0.016904748562309477
1710364845.963853,0.30397829082277084
1710364845.9639869,0.602444609006246
1710364845.9641206,0.8620262145996094
1710364845.9642544,1.0673093795776367
1710364845.9643881,1.203580962287055
1710364845.9645221,1.2627838717566595
1710364845.9646559,1.2393128871917725
1710364845.9647896,1.1345693800184462
1710364845.9649234,0.9573112593756782
1710364845.9650571,0.7197993331485324
1710364845.9651911,0.43639643324746025
1710364845.9653249,0.12461822893884447
1710364845.9654586,-0.19482874208026463
1710364845.9655924,-0.4977898465262519
1710364845.9657261,-0.7685285144382052
1710364845.9658601,-0.988131562868754
1710364845.965994,-1.1439900928073459
1710364845.9661276,-1.223845746782091
1710364845.9662614,-1.221394141515096
1710364845.9663954,-1.136284801695082
1710364845.9665291,-0.9772739807764689
1710364845.966663,-0.7538182867897881
1710364845.9667966,-0.4820288552178277
1710364845.9669304,-0.1787175072564019
1710364845.9670644,0.1375797970427407
1710364845.9671981,0.44410331381691825
1710364845.967332,0.7229521539476182
1710364845.9674656,0.9580118788613213
1710364845.9675996,1.1342191696166992
1710364845.9677334,1.2428160508473713
1710364845.9678671,1.2739937835269504
1710364845.968001,1.226001050737169
1710364845.9681346,1.1023406849967108
1710364845.9682686,0.9124712149302164
1710364845.9684024,0.668303370475769
1710364845.9685361,0.38630174265967476
1710364845.96867,0.08328134814898173
1710364845.968804,-0.22214776939815944
1710364845.9689376,-0.5075966980722215
1710364845.9690714,-0.7601226700676812
1710364845.9692051,-0.9636144505606757
1710364845.969339,-1.1072144905726116
1710364845.969473,-1.1821667353312175
1710364845.9696066,-1.1839179197947185
1710364845.9697404,-1.1107169919543796
1710364845.9698741,-0.9702691104676988
1710364845.970008,-0.7727314366234673
1710364845.970142,-0.5300123161739773
1710364845.9702756,-0.2564716835816701
1710364845.9704094,0.03143508194221391
1710364845.9705431,0.31658954090542263
1710364845.9706771,0.5800245867835151
1710364845.970811,0.8056259155273438
1710364845.9709446,0.9821834166844685
1710364845.9710784,1.0960350433985393
1710364845.9712121,1.1401744683583577
1710364845.9713461,1.1100475655661688
1710364845.97148,1.007055640220642
1710364845.9716136,0.8399565352333916
1710364845.9717474,0.617858370145162
1710364845.9718814,0.35442329115337795
1710364845.9720151,0.06366384112172656
1710364845.972149,-0.23615752657254535
1710364845.9722826,-0.5219566822052002
1710364845.9724164,-0.7821880446539985
1710364845.9725504,-1.0003900527954102
1710364845.9726841,-1.1618525452084012
1710364845.972818,-1.2585200203789604
1710364845.9729517,-1.2809356053670247
1710364845.9730854,-1.224896510442098
1710364845.9732194,-1.0942555136150784
1710364845.9733531,-0.898469090461731
1710364845.973487,-0.6487450334760878
1710364845.9736207,-0.3604941897922092
1710364845.9737546,-0.04877696020735635
1710364845.9738884,0.26299170321888393
1710364845.9740222,0.556553668446011
1710364845.974156,0.8115812142690022
1710364845.9742897,1.0144121779335868
1710364845.9744236,1.1517347229851616
1710364845.9745574,1.2126890818277996
1710364845.9746912,1.1937722894880507
1710364845.974825,1.0935828420850966
1710364845.974959,0.922280020183987
1710364845.9750926,0.6900227732128567
1710364845.9752264,0.4115242428249783
1710364845.9753602,0.10359947052266863
1710364845.975494,-0.21339166495535108
1710364845.975628,-0.5177537600199381
1710364845.9757617,-0.7898934019936455
1710364845.9758954,-1.0136993726094563
1710364845.9760292,-1.1755120754241943
1710364845.976163,-1.2620223893059623
1710364845.976297,-1.2665755218929715
1710364845.9764307,-1.1870702107747395
1710364845.9765644,-1.0305110613505046
1710364845.9766982,-0.8081060647964478
1710364845.9768322,-0.5345654818746779
1710364845.976966,-0.22810192571745977
1710364845.9770997,0.09449135098192427
1710364845.9772334,0.4097726609971788
1710364845.9773672,0.6970289680692885
1710364845.9775012,0.9408465358946059
1710364845.977635,1.125461260477702
1710364845.9777687,1.2396632300482855
1710364845.9779024,1.27574536535475
1710364845.9780364,1.2309053209092882
1710364845.9781702,1.1079456408818562
1710364845.978304,0.9163246552149454
1710364845.9784377,0.6693543328179253
1710364845.9785714,0.3831489218605889
1710364845.9787054,0.07312228282292683
1710364845.9788392,-0.23930973476833767
1710364845.978973,-0.5314132902357314
1710364845.9791067,-0.7888426383336384
1710364845.9792407,-0.9968876176410251
1710364845.9793744,-1.141188144683838
1710364845.9795082,-1.21579024526808
1710364845.979642,-1.214389271206326
1710364845.9797757,-1.137335565355089
1710364845.9799097,-0.991984208424886
1710364845.9800434,-0.7874416642718844
1710364845.9801772,-0.5394688910908169
1710364845.980311,-0.26172535287009346
1710364845.9804447,0.02933320485883289
1710364845.9805787,0.31483795907762313
1710364845.9807124,0.5772221088409424
1710364845.9808462,0.8003712362713283
1710364845.98098,0.972374677658081
1710364845.981114,1.0813219017452664
1710364845.9812477,1.1202066474490695
1710364845.9813814,1.0844747225443523
1710364845.9815152,0.9772790802849664
1710364845.981649,0.8056259155273438
1710364845.981783,0.5817761686113145
1710364845.9819167,0.3176404701338874
1710364845.9820504,0.02828226735194524
1710364845.9821842,-0.266979005601671
1710364845.9823182,-0.5492757426367866
1710364845.982452,-0.8032026555803087
1710364845.9825857,-1.0158008337020874
1710364845.9827194,-1.1730604701571994
1710364845.9828532,-1.2641239166259766
1710364845.9829872,-1.2837375534905326
1710364845.983121,-1.2266476949055989
1710364845.9832547,-1.0977579487694633
1710364845.9833884,-0.905123684141371
1710364845.9835222,-0.6613538000318739
1710364845.9836562,-0.37870685259501136
1710364845.98379,-0.0743447740872701
1710364845.9839237,0.23251450724071926
1710364845.9840574,0.5208217766549852
1710364845.9841914,0.7737474309073554
1710364845.9843252,0.9758778413136799
1710364845.984459,1.1132003201378715
1710364845.9845927,1.1776578426361084
1710364845.9847264,1.1625944243537054
1710364845.9848604,1.0690609614054363
1710364845.9849942,0.9037134382459853
1710364845.985128,0.6784624523586696
1710364845.9852617,0.40626956356896293
1710364845.9853957,0.10359947052266863
1710364845.9855294,-0.20953898628552753
1710364845.9856632,-0.510748889711168
1710364845.985797,-0.7832387420866225
1710364845.9859307,-1.0101969374550712
1710364845.9860647,-1.1755120754241943
1710364845.9861984,-1.2683268388112385
1710364845.9863322,-1.2784838676452637
1710364845.986466,-1.2063336372375488
1710364845.9865997,-1.053977409998576
1710364845.9867337,-0.8350749148262872
1710364845.9868674,-0.5625849962234497
1710364845.9870012,-0.2543702224890391
1710364845.987135,0.07137071755197313
1710364845.987269,0.39400862322913277
1710364845.9874027,0.6882711913850572
1710364845.9875364,0.9401459164089626
1710364845.9876702,1.1342191696166992
1710364845.987804,1.257178783416748
1710364845.987938,1.3006175888909233
1710364845.9880717,1.2624335289001465
1710364845.9882054,1.1440278424157035
1710364845.9883392,0.9548590580622355
1710364845.9884732,0.7085892889234755
1710364845.988607,0.42098267210854423
1710364845.9887407,0.10885416633552975
1710364845.9888744,-0.20743752519289652
1710364845.9890082,-0.5044444733195834
1710364845.9891422,-0.7650260792838203
1710364845.989276,-0.9741217560238308
1710364845.9894097,-1.1198233233557806
1710364845.9895434,-1.1923238966200087
1710364845.9896774,-1.1856692367129855
1710364845.9898112,-1.1012603839238484
1710364845.989945,-0.9454017877578735
1710364845.9900787,-0.7314026355743408
1710364845.9902124,-0.4732727673318651
1710364845.9903464,-0.18537215060657924
1710364845.9904802,0.11480947335561116
1710364845.990614,0.40591925382614136
1710364845.9907477,0.6711058484183418
1710364845.9908814,0.8946053187052408
1710364845.9910154,1.064156625005934
1710364845.9911492,1.1696006192101371
1710364845.991283,1.2021797233157687
1710364845.9914167,1.1590912606981065
1710364845.9915507,1.0427874988979764
1710364845.9916844,0.8641280730565388
1710364845.9918182,0.6318708260854086
1710364845.991952,0.3617798619800144
1710364845.9920857,0.06856821477413177
1710364845.9922197,-0.2295028997792138
1710364845.9923534,-0.510748889711168
1710364845.9924872,-0.7622241311603122
1710364845.992621,-0.9699188338385688
1710364845.992755,-1.1215745078192816
1710364845.9928887,-1.2073842684427898
1710364845.9930224,-1.22209456231859
1710364845.9931562,-1.1632535192701552
1710364845.99329,-1.0340134965048895
1710364845.993424,-0.8448817332585652
1710364845.9935577,-0.6067157453960842
1710364845.9936914,-0.3335253728760613
1710364845.9938252,-0.040371099279986486
1710364845.993959,0.2545842031637828
1710364845.994093,0.5302802059385512
1710364845.9942267,0.7712952958212959
1710364845.9943604,0.9625659386316935
1710364845.9944942,1.091130640771654
1710364845.9946282,1.1478813489278157
1710364845.994762,1.129665109846327
1710364845.9948957,1.0347303416993883
1710364845.9950294,0.8711343341403537
1710364845.9951632,0.6493865119086372
1710364845.9952972,0.38209799263212413
1710364845.995431,0.08643416066964467
1710364845.9955647,-0.22109703885184392
1710364845.9956985,-0.5170532729890611
1710364845.9958324,-0.7853402031792535
1710364845.9959662,-1.0115979115168254
1710364845.9961,-1.1776136027442083
1710364845.9962337,-1.2742809454600017
1710364845.9963675,-1.2903922133975558
1710364845.9965014,-1.225947274102105
1710364845.9966352,-1.082347167862786
1710364845.996769,-0.8707997534010146
1710364845.9969027,-0.6063655349943373
1710364845.9970365,-0.30340439743465847
1710364845.9971704,0.019524453414811026
1710364845.9973042,0.3414617313279046
1710364845.997438,0.637475848197937
1710364845.9975717,0.8932040797339545
1710364845.9977057,1.091831260257297
1710364845.9978395,1.2235487831963432
1710364845.9979732,1.272942887412177
1710364845.998107,1.2428160508473713
1710364845.9982407,1.1293147669898138
1710364845.9983747,0.9461012813780043
1710364845.9985085,0.7029843330383301
1710364845.9986422,0.4164286123381721
1710364845.998776,0.10359947052266863
1710364845.99891,-0.2158433695634206
1710364845.9990437,-0.5149518118964301
1710364845.9991775,-0.7811372809939914
1710364845.9993112,-0.9958369202084011
1710364845.999445,-1.1464418305291069
1710364845.999579,-1.221744351916843
1710364845.9997127,-1.2168408764733207
1710364845.9998465,-1.131731669108073
1710364845.9999802,-0.9723705715603298
1710364846.0001142,-0.7545187738206651
1710364846.000248,-0.4893840021557278
1710364846.0003817,-0.19482874208026463
1710364846.0005155,0.11270759834183587
1710364846.0006492,0.40907204151153564
1710364846.0007832,0.6791630718443129
1710364846.000917,0.9051146772172716
1710364846.0010507,1.076067222489251
1710364846.0011845,1.179409424463908
1710364846.0013182,1.2077848116556804
1710364846.0014522,1.1590912606981065
1710364846.001586,1.037182543012831
1710364846.0017197,0.8504658937454224
1710364846.0018535,0.6115527285469903
1710364846.0019875,0.33410516050126815
1710364846.0021212,0.03388726876841651
1710364846.002255,-0.266979005601671
1710364846.0023887,-0.5506767166985406
1710364846.0025225,-0.8021519581476847
1710364846.0026565,-1.0084456867641873
1710364846.0027902,-1.155548228157891
1710364846.002924,-1.23680485619439
1710364846.0030577,-1.2462614642249212
1710364846.0031917,-1.1811159716712103
1710364846.0033255,-1.0487237903806899
1710364846.0034592,-0.8567900127834743
1710364846.003593,-0.6175733274883694
1710364846.0037267,-0.346134172545539
1710364846.0038607,-0.0557818387945493
1710364846.0039945,0.23496669199731615
1710364846.0041282,0.5054080155160692
1710364846.004262,0.7408180501725938
1710364846.0043957,0.9271843565834893
1710364846.0045297,1.0515453418095906
1710364846.0046635,1.1061941252814398
1710364846.0047972,1.0869269238577948
1710364846.004931,0.9926928414238824
1710364846.005065,0.8311986923217773
1710364846.0051987,0.6129539675182766
1710364846.0053325,0.3512704703542921
1710364846.0054662,0.06051102446185218
1710364846.0056,-0.24001022179921466
1710364846.005734,-0.5293118291431003
1710364846.0058677,-0.7937461137771606
1710364846.0060015,-1.0161510441038344
1710364846.0061352,-1.1811159716712103
1710364846.0062692,-1.2781336572435167
1710364846.006403,-1.29879805776808
1710364846.0065367,-1.238556040657891
1710364846.0066705,-1.1026613579856024
1710364846.0068042,-0.8981188138326008
1710364846.0069382,-0.6389382150438097
1710364846.007072,-0.34018003278308445
1710364846.0072057,-0.020407189925511677
1710364846.0073395,0.30047516028086346
1710364846.0074732,0.598941445350647
1710364846.0076072,0.8585231171713935
1710364846.007741,1.0634559392929077
1710364846.0078747,1.1997275882297092
1710364846.0080085,1.260331604215834
1710364846.0081425,1.2372109625074599
1710364846.0082762,1.133518483903673
1710364846.00841,0.956960916519165
1710364846.0085437,0.7190987136628892
1710364846.0086775,0.43639643324746025
1710364846.0088115,0.1253188567029105
1710364846.0089452,-0.19482874208026463
1710364846.009079,-0.4981400900416904
1710364846.0092127,-0.7688787248399522
1710364846.0093467,-0.989182260301378
1710364846.0094805,-1.1453910668690999
1710364846.0096142,-1.226297484503852
1710364846.009748,-1.225246720843845
1710364846.0098817,-1.141538487540351
1710364846.0100157,-0.982177389992608
1710364846.0101495,-0.7597723934385512
1710364846.0102832,-0.48798302809397376
1710364846.010417,-0.18502190709114075
1710364846.010551,0.1316244817442364
1710364846.0106847,0.4384983248180813
1710364846.0108185,0.718047751320733
1710364846.0109522,0.9538080957200792
1710364846.011086,1.1317669020758734
1710364846.01122,1.2400135729047987
1710364846.0113537,1.272242334153917
1710364846.0114875,1.2245998117658827
1710364846.0116212,1.1016400655110676
1710364846.011755,0.9128215577867296
1710364846.011889,0.6697046094470553
1710364846.0120227,0.38875391085942584
1710364846.0121565,0.08573353290557861
1710364846.0122902,-0.2196960647900899
1710364846.0124242,-0.5058454473813375
1710364846.012558,-0.7580212089750502
1710364846.0126917,-0.9611627790662978
1710364846.0128255,-1.1051130294799805
1710364846.0129592,-1.1800653404659696
1710364846.0130932,-1.1811159716712103
1710364846.013227,-1.1089657412634955
1710364846.0133607,-0.9681676493750678
1710364846.0134945,-0.7706299755308363
1710364846.0136285,-0.5286113421122233
1710364846.0137622,-0.2543702224890391
1710364846.013896,0.03423758265044954
1710364846.0140297,0.3197423285908169
1710364846.0141635,0.5824767880969577
1710364846.0142975,0.8098296324412028
1710364846.0144312,0.9863871998257107
1710364846.014565,1.1009394460254245
1710364846.0146987,1.1461297671000164
1710364846.0148325,1.1167034837934706
1710364846.0149665,1.0154631402757432
1710364846.0151002,0.8483640352884928
1710364846.015234,0.6269664896859063
1710364846.0153677,0.36423203017976546
1710364846.0155017,0.07487383981545766
1710364846.0156355,-0.22284825642903644
1710364846.0157692,-0.5100484026802911
1710364846.015903,-0.7688787248399522
1710364846.0160367,-0.987080799208747
1710364846.0161707,-1.150644752714369
1710364846.0163045,-1.2476624382866752
1710364846.0164382,-1.2704282336764865
1710364846.016572,-1.216140455669827
1710364846.016706,-1.0869003666771782
1710364846.0168397,-0.8925149175855849
1710364846.0169735,-0.6441919008890787
1710364846.0171072,-0.3569917215241326
1710364846.017241,-0.04667549497551388
1710364846.017375,0.2650935782326592
1710364846.0175087,0.5576045645607842
1710364846.0176425,0.8133327960968018
1710364846.0177763,1.0165141026178997
1710364846.0179102,1.1545372009277344
1710364846.018044,1.2175934844546847
1710364846.0181777,1.1993772453731961
1710364846.0183115,1.1009394460254245
1710364846.0184453,0.9317384163538615
1710364846.0185792,0.7008824083540175
1710364846.018713,0.4234348734219869
1710364846.0188468,0.11656103862656488
1710364846.0189805,-0.20043263832728067
1710364846.0191143,-0.503393742773268
1710364846.0192482,-0.7769343588087294
1710364846.019382,-1.0014408164554172
1710364846.0195158,-1.1639540725284152
1710364846.0196495,-1.2511648072136772
1710364846.0197835,-1.2574692567189534
1710364846.0199172,-1.1793647872077093
1710364846.020051,-1.0238564676708646
1710364846.0201848,-0.8025021685494317
1710364846.0203185,-0.5314132902357314
1710364846.0204525,-0.22424923049079046
1710364846.0205863,0.09694353573852114
1710364846.02072,0.41222486231062144
1710364846.0208538,0.6991308927536011
1710364846.0209877,0.9432987372080485
1710364846.0211215,1.1275631851620145
1710364846.0212553,1.242115365134345
1710364846.021389,1.2785478432973225
1710364846.0215228,1.233357588450114
1710364846.0216568,1.1117990811665852
1710364846.0217905,0.9201780954996744
1710364846.0219243,0.6746090120739406
1710364846.022058,0.38770298163096106
1710364846.0221918,0.07942790786425273
1710364846.0223258,-0.23265509141816032
1710364846.0224595,-0.5240581432978312
1710364846.0225933,-0.7800865835613674
1710364846.022727,-0.987080799208747
1710364846.022861,-1.1313813262515597
1710364846.0229948,-1.2049326631757948
1710364846.0231285,-1.2014301617940266
1710364846.0232623,-1.1229754818810356
1710364846.023396,-0.9758730067147149
1710364846.02353,-0.7716807391908433
1710364846.0236638,-0.5226571692360772
1710364846.0237975,-0.2445633874999152
1710364846.0239313,0.04649852299027973
1710364846.0240653,0.3320032689306471
1710364846.024199,0.5922855271233453
1710364846.0243328,0.8147340350680881
1710364846.0244665,0.9853362374835544
1710364846.0246003,1.0928822225994534
1710364846.0247343,1.129665109846327
1710364846.024868,1.0925318797429402
1710364846.0250018,0.9842853413687812
1710364846.0251355,0.8105302519268459
1710364846.0252693,0.5852792660395304
1710364846.0254033,0.3200926383336385
1710364846.025537,0.030033830553293228
1710364846.0256708,-0.265578031539917
1710364846.0258045,-0.547874735461341
1710364846.0259385,-0.8025021685494317
1710364846.0260723,-1.0154505570729573
1710364846.026206,-1.1727101273006864
1710364846.0263398,-1.2637735737694633
1710364846.0264735,-1.2833873430887859
1710364846.0266075,-1.2273482481638591
1710364846.0267413,-1.0991589228312175
1710364846.026875,-0.907575421863132
1710364846.0270088,-0.6641557481553819
1710364846.0271428,-0.38290980789396495
1710364846.0272765,-0.07889794806639354
1710364846.0274103,0.22655919194221497
1710364846.027544,0.5141658253139919
1710364846.0276778,0.7656902737087673
1710364846.0278118,0.9674703412585788
1710364846.0279455,1.1044425434536405
1710364846.0280793,1.1692504088083904
1710364846.028213,1.1548875437842474
1710364846.028347,1.0620547003216214
1710364846.0284808,0.8977581395043267
1710364846.0286145,0.6732077731026543
1710364846.0287483,0.40241612328423393
1710364846.028882,0.10114728576607174
1710364846.029016,-0.21164044737815857
1710364846.0291498,-0.512149863772922
1710364846.0292835,-0.7849899927775065
1710364846.0294173,-1.0119481219185722
1710364846.029551,-1.1776136027442083
1710364846.029685,-1.2704282336764865
1710364846.0298188,-1.2819863690270317
1710364846.0299525,-1.2094857957628038
1710364846.0300863,-1.059231095843845
1710364846.0302203,-0.8403285344441731
1710364846.030354,-0.5685391690995958
1710364846.0304878,-0.2599741352929009
1710364846.0306215,0.06646633976035647
1710364846.0307553,0.3880532913737827
1710364846.0308893,0.6837171316146851
1710364846.031023,0.9369930956098769
1710364846.0311568,1.1321172449323866
1710364846.0312905,1.256478230158488
1710364846.0314245,1.3016684850056965
1710364846.0315583,1.264535453584459
1710364846.031692,1.1464801099565294
1710364846.0318258,0.9590628412034776
1710364846.0319595,0.7131433486938477
1710364846.0320935,0.4255367318789164
1710364846.0322273,0.11340822610590193
1710364846.032361,-0.2035848299662272
1710364846.0324948,-0.5005917946497599
1710364846.0326285,-0.7625743415620592
1710364846.0327625,-0.9727207819620768
1710364846.0328963,-1.1194731129540336
1710364846.03303,-1.1919735537634955
1710364846.0331638,-1.1870702107747395
1710364846.0332978,-1.1030115683873494
1710364846.0334315,-0.9482037358813815
1710364846.0335653,-0.7352553473578559
1710364846.033699,-0.4767752024862501
1710364846.0338328,-0.18922482927640277
1710364846.0339668,0.11060572332806057
1710364846.0341005,0.40136516094207764
1710364846.0342343,0.6662015120188395
1710364846.034368,0.8904015355639987
1710364846.034502,1.0592522223790486
1710364846.0346358,1.164346006181505
1710364846.0347695,1.1972753206888835
1710364846.0349033,1.153486304812961
1710364846.035037,1.0385837819841173
1710364846.035171,0.8595740132861667
1710364846.0353048,0.6273167663150363
1710364846.0354385,0.35862704118092853
1710364846.0355723,0.06541540225346883
1710364846.035706,-0.2309038738409678
1710364846.03584,-0.510748889711168
1710364846.0359738,-0.7622241311603122
1710364846.0361075,-0.9685178597768147
1710364846.0362413,-1.1194731129540336
1710364846.0363753,-1.2038818995157878
1710364846.036509,-1.217891640133328
1710364846.0366428,-1.157299412621392
1710364846.0367765,-1.0280593898561265
1710364846.0369103,-0.8382270733515421
1710364846.0370443,-0.5997108750873141
1710364846.037178,-0.3251195285055372
1710364846.0373118,-0.0323154880768723
1710364846.0374455,0.2633420129617055
1710364846.0375795,0.5397386352221171
1710364846.0377133,0.779702795876397
1710364846.037847,0.9713237815433078
1710364846.0379808,1.1005891031689115
1710364846.0381145,1.1587410502963595
1710364846.0382485,1.1401744683583577
1710364846.0383823,1.0462906625535753
1710364846.038516,0.8826946549945407
1710364846.0386498,0.6598958704206679
1710364846.0387838,0.39400862322913277
1710364846.0389175,0.09729384548134273
1710364846.0390513,-0.21058971683184305
1710364846.039185,-0.5072464545567831
1710364846.0393188,-0.7765841484069824
1710364846.0394528,-1.0024915801154242
1710364846.0395865,-1.1699081791771782
1710364846.0397203,-1.2665755218929715
1710364846.039854,-1.2847883171505399
1710364846.0399878,-1.221394141515096
1710364846.0401218,-1.0788447327084012
1710364846.0402555,-0.8679978052775065
1710364846.0403893,-0.6032133102416992
1710364846.040523,-0.30060244931115043
1710364846.040657,0.02372820344236162
1710364846.0407908,0.344964861869812
1710364846.0409245,0.6430808703104655
1710364846.0410583,0.9002102745903863
1710364846.041192,1.1009394460254245
1710364846.041326,1.2316060066223145
1710364846.0414598,1.2841529316372342
1710364846.0415936,1.2540259626176622
1710364846.0417273,1.1426266034444172
1710364846.0418613,0.9583622217178345
1710364846.041995,0.7159458928638034
1710364846.0421288,0.42833924293518066
1710364846.0422626,0.11480947335561116
1710364846.0423963,-0.2060365511311425
1710364846.0425303,-0.5082971851030985
1710364846.042664,-0.7755333847469753
1710364846.0427978,-0.9926846954557631
1710364846.0429316,-1.1443404356638591
1710364846.0430653,-1.22209456231859
1710364846.0431993,-1.218241850535075
1710364846.043333,-1.134533617231581
1710364846.0434668,-0.9758730067147149
1710364846.0436006,-0.7576709323459201
1710364846.0437346,-0.49253619379467434
1710364846.0438683,-0.19622971614201862
1710364846.044002,0.1120069788561927
1710364846.0441358,0.4104733135965135
1710364846.0442696,0.6816152731577555
1710364846.0444036,0.9089681175020006
1710364846.0445373,1.0820225212309096
1710364846.044671,1.1860654089185927
1710364846.0448048,1.2172431415981717
1710364846.0449388,1.1703013049231634
1710364846.0450726,1.0480422443813748
1710364846.0452063,0.8613255951139662
1710364846.04534,0.621711810429891
1710364846.0454738,0.344964861869812
1710364846.0456078,0.04474695771932602
1710364846.0457416,-0.2564716835816701
1710364846.0458753,-0.541570352183448
1710364846.046009,-0.7930456267462836
1710364846.0461428,-1.0000398423936632
1710364846.0462768,-1.147842804590861
1710364846.0464106,-1.2297999858856201
1710364846.0465443,-1.2382058302561443
1710364846.046678,-1.1730604701571994
1710364846.046812,-1.0403178797827826
1710364846.0469458,-0.8480338917838203
1710364846.0470796,-0.6105684571795993
1710364846.0472133,-0.3384288152058919
1710364846.047347,-0.04877696020735635
1710364846.047481,0.24162262678146362
1710364846.0476148,0.5103123850292629
1710364846.0477486,0.7446714904573228
1710364846.0478823,0.9296365578969319
1710364846.0480163,1.0529465807808769
1710364846.04815,1.1054935057957966
1710364846.0482838,1.083774103058709
1710364846.0484176,0.9884890582826402
1710364846.0485513,0.8248931169509888
1710364846.0486853,0.6055974298053317
1710364846.048819,0.34181204107072616
1710364846.0489528,0.05070227301783032
1710364846.0490866,-0.25086778733465404
1710364846.0492206,-0.5419205956988864
1710364846.0493543,-0.8063548803329468
1710364846.049488,-1.0287598768870037
1710364846.0496218,-1.1944252914852567
1710364846.0497556,-1.2910926342010498
1710364846.0498896,-1.3117570347256131
1710364846.0500233,-1.2511648072136772
1710364846.050157,-1.1149198479122586
1710364846.0502908,-0.91002709335751
1710364846.0504246,-0.6508464945687188
1710364846.0505586,-0.3527887993388706
1710364846.0506923,-0.0323154880768723
1710364846.050826,0.2885645296838548
1710364846.0509598,0.587381190723843
1710364846.0510938,0.8462621768315632
1710364846.0512276,1.0501441028383043
1710364846.0513613,1.1867659621768527
1710364846.051495,1.2463190820482042
1710364846.0516288,1.2231985727945964
1710364846.0517628,1.11845506562127
1710364846.0518966,0.9404962592654758
1710364846.0520303,0.7033346096674601
1710364846.052164,0.4202820526229011
1710364846.052298,0.10920447607835133
1710364846.0524318,-0.21023947331640455
1710364846.0525656,-0.5132005943192376
1710364846.0526993,-0.7832387420866225
1710364846.052833,-1.0028417905171711
1710364846.052967,-1.157649623023139
1710364846.0531008,-1.237505276997884
1710364846.0532346,-1.235403882132636
1710364846.0533683,-1.149944331910875
1710364846.053502,-0.989532536930508
1710364846.053636,-0.7653762896855671
1710364846.0537698,-0.49358692434098983
1710364846.0539036,-0.1899253163072798
1710364846.0540373,0.12812135948075187
1710364846.0541713,0.4349951942761739
1710364846.054305,0.714194311036004
1710364846.0544388,0.9503049982918633
1710364846.0545726,1.1268624994489882
1710364846.0547063,1.2347588274214003
1710364846.0548403,1.2655863496992323
1710364846.054974,1.217943827311198
1710364846.0551078,1.0932325654559665
1710364846.0552416,0.9037134382459853
1710364846.0553756,0.6598958704206679
1710364846.0555093,0.37719359000523883
1710364846.055643,0.07382290230857001
1710364846.0557768,-0.23265509141816032
1710364846.0559106,-0.5188044905662537
1710364846.0560446,-0.7699294884999592
1710364846.0561783,-0.9734212689929538
1710364846.056312,-1.1166711648305256
1710364846.0564458,-1.1898721588982475
1710364846.0565796,-1.1895218160417345
1710364846.0567136,-1.1156204011705186
1710364846.0568473,-0.9737715456220839
1710364846.056981,-0.7744826873143513
1710364846.0571148,-0.5303625596894158
1710364846.0572488,-0.2550707095199161
1710364846.0573826,0.03493820627530416
1710364846.0575163,0.3214939104186164
1710364846.05765,0.5852792660395304
1710364846.0577838,0.8126321766111586
1710364846.0579178,0.9891896777682834
1710364846.0580516,1.1040922005971272
1710364846.0581853,1.148932245042589
1710364846.058319,1.1195059617360432
1710364846.058453,1.0175649987326727
1710364846.0585868,0.8504658937454224
1710364846.0587206,0.6287180715137057
1710364846.0588543,0.36598361200756496
1710364846.058988,0.07627509534358978
1710364846.059122,-0.22144728236728245
1710364846.0592558,-0.5068962110413445
1710364846.0593896,-0.7664270533455743
1710364846.0595233,-0.9835783640543619
1710364846.0596573,-1.14609162012736
1710364846.059791,-1.2424087524414062
1710364846.0599248,-1.2644741270277235
1710364846.0600586,-1.2091355853610568
1710364846.0601923,-1.0802457067701552
1710364846.0603263,-0.8855100472768147
1710364846.06046,-0.6368367539511787
1710364846.0605938,-0.35033709473080105
1710364846.0607276,-0.040721346934636436
1710364846.0608613,0.2710488935311635
1710364846.0609953,0.5621586243311564
1710364846.061129,0.8168358935250176
1710364846.0612628,1.018615961074829
1710364846.0613966,1.1559384398990207
1710364846.0615306,1.2172431415981717
1710364846.0616643,1.1990269025166829
1710364846.061798,1.0998884836832683
1710364846.0619318,0.9289359384112887
1710364846.0620656,0.6970289680692885
1710364846.0621996,0.4195814331372579
1710364846.0623333,0.11305791636308034
1710364846.062467,-0.20463556051254272
1710364846.0626009,-0.5079469415876601
1710364846.0627348,-0.7807870705922444
1710364846.0628686,-1.0049432516098022
1710364846.0630023,-1.1667560206519232
1710364846.063136,-1.2543169657389324
1710364846.0632699,-1.2588702307807074
1710364846.0634038,-1.1811159716712103
1710364846.0635376,-1.0245569547017415
1710364846.0636714,-0.8028524451785617
1710364846.063805,-0.5300123161739773
1710364846.0639389,-0.22354874345991346
1710364846.0640728,0.09939572049511804
1710364846.0642066,0.41397644413842094
1710364846.0643404,0.7008824083540175
1710364846.064474,0.9450503190358479
1710364846.064608,1.129665109846327
1710364846.0647418,1.2438669469621446
1710364846.0648756,1.279598871866862
1710364846.0650094,1.233707931306627
1710364846.065143,1.110397842195299
1710364846.065277,0.9180762370427449
1710364846.0654109,0.6711058484183418
1710364846.0655446,0.3834992316034105
1710364846.0656784,0.07312228282292683
1710364846.0658123,-0.23930973476833767
1710364846.065946,-0.5314132902357314
1710364846.0660799,-0.7881421513027614
1710364846.0662136,-0.9947861565483941
1710364846.0663474,-1.13908674981859
1710364846.0664814,-1.2108867698245578
1710364846.066615,-1.2073842684427898
1710364846.0667489,-1.1268281936645508
1710364846.0668826,-0.9786749548382229
1710364846.0670164,-0.7720309495925903
1710364846.0671504,-0.5219566822052002
1710364846.067284,-0.2421116828918457
1710364846.0674179,0.050351959135797285
1710364846.0675516,0.33690767155753243
1710364846.0676856,0.598941445350647
1710364846.0678194,0.8210396766662598
1710364846.067953,0.991291602452596
1710364846.0680869,1.099187864197625
1710364846.0682206,1.1356204085879855
1710364846.0683546,1.0981369018554688
1710364846.0684884,0.9867375426822238
1710364846.068622,0.8136830727259318
1710364846.0687559,0.5856296088960435
1710364846.0688899,0.3197423285908169
1710364846.0690236,0.02898289304640558
1710364846.0691574,-0.26767949263254803
1710364846.069291,-0.5517274472448561
1710364846.0694249,-0.8070553673638238
1710364846.0695589,-1.0200037558873494
1710364846.0696926,-1.1783140235477023
1710364846.0698264,-1.2690272596147325
1710364846.06996,-1.2900418705410428
1710364846.070094,-1.233652565214369
1710364846.0702279,-1.1068642801708646
1710364846.0703616,-0.914930502573649
1710364846.0704954,-0.6725616587532891
1710364846.0706291,-0.39166589577992755
1710364846.070763,-0.08940527008639441
1710364846.0708969,0.21640012661616007
1710364846.0710306,0.5033061239454482
1710364846.0711644,0.7537796099980671
1710364846.0712981,0.9566106398900349
1710364846.071432,1.0935828420850966
1710364846.0715659,1.1580403645833333
1710364846.0716996,1.1443781852722168
1710364846.0718334,1.0518956846661038
1710364846.0719674,0.8882996771070693
1710364846.072101,0.6640995873345269
1710364846.0722349,0.39365831348631114
1710364846.0723686,0.09309009545379214
1710364846.0725024,-0.21864533424377441
1710364846.0726364,-0.5184542470508151
1710364846.07277,-0.7905938890245225
1710364846.0729039,-1.0168515311347113
1710364846.0730376,-1.1825169457329643
1710364846.0731716,-1.2746311558617485
1710364846.0733054,-1.2868897120157878
1710364846.0734391,-1.2136887179480658
1710364846.0735729,-1.0637842284308539
1710364846.0737066,-0.8452319436603122
1710364846.0738406,-0.5730923016866049
1710364846.0739744,-0.26487754450904
1710364846.0741081,0.06156196196873982
1710364846.0742419,0.3831489218605889
1710364846.0743756,0.6791630718443129
1710364846.0745096,0.9317384163538615
1710364846.0746434,1.1272128423055012
1710364846.0747771,1.2519241703881157
1710364846.0749109,1.2974647680918376
1710364846.0750449,1.2596310509575737
1710364846.0751786,1.1419260501861572
1710364846.0753124,0.9541584385765923
1710364846.0754461,0.7082390122943454
1710364846.07558,0.4202820526229011
1710364846.0757139,0.10850384831428528
1710364846.0758476,-0.207787768708335
1710364846.0759814,-0.5044444733195834
1710364846.0761151,-0.7657265663146973
1710364846.0762491,-0.9765734937455919
1710364846.0763829,-1.1222750610775418
1710364846.0765166,-1.1947755018870037
1710364846.0766504,-1.1888213952382405
1710364846.0767841,-1.1037120554182265
1710364846.0769181,-0.9485539462831285
1710364846.0770519,-0.7342045836978488
1710364846.0771856,-0.4757244719399346
1710364846.0773194,-0.18782385521464878
1710364846.0774531,0.1120069788561927
1710364846.0775871,0.4034670525126987
1710364846.0777209,0.668303370475769
1710364846.0778546,0.8918027745352851
1710364846.0779884,1.0613540808359783
1710364846.0781224,1.165046559439765
1710364846.0782561,1.1979760064019096
1710364846.07839,1.1541869905259874
1710364846.0785236,1.0382334391276042
1710364846.0786574,0.8585231171713935
1710364846.0787914,0.6273167663150363
1710364846.0789251,0.3568754924668206
1710364846.079059,0.06436446474658118
1710364846.0791926,-0.2312541173564063
1710364846.0793266,-0.5117996202574836
1710364846.0794604,-0.7622241311603122
1710364846.0795941,-0.9685178597768147
1710364846.079728,-1.1184223492940266
1710364846.0798616,-1.2031813462575276
1710364846.0799956,-1.21579024526808
1710364846.0801294,-1.1551980177561443
1710364846.0802631,-1.0256076521343656
1710364846.080397,-0.8350749148262872
1710364846.080531,-0.595858163303799
1710364846.0806646,-0.32231758038202923
1710364846.0807984,-0.028813046713670094
1710364846.0809321,0.26684514350361294
1710364846.081066,0.5428914560212029
1710364846.0812,0.7832058933046129
1710364846.0813336,0.9751772218280368
1710364846.0814674,1.1047928200827704
1710364846.0816011,1.1632951100667317
1710364846.081735,1.14542908138699
1710364846.081869,1.0511949989530776
1710364846.0820026,0.8893506394492255
1710364846.0821364,0.668653647104899
1710364846.0822701,0.40241612328423393
1710364846.0824041,0.10710260106457604
1710364846.082538,-0.20008239481184217
1710364846.0826716,-0.49568838543362087
1710364846.0828054,-0.7650260792838203
1710364846.0829391,-0.990583234363132
1710364846.0830731,-1.1587003866831462
1710364846.083207,-1.2567687034606934
1710364846.0833406,-1.2760321299235027
1710364846.0834744,-1.2136887179480658
1710364846.0836084,-1.0735911130905151
1710364846.0837421,-0.8644953701231215
1710364846.083876,-0.6014621257781982
1710364846.0840096,-0.29990196228027344
1710364846.0841434,0.021626328428586323
1710364846.0842774,0.34251266055636936
1710364846.0844111,0.6395777066548666
1710364846.084545,0.8960065576765273
1710364846.0846786,1.095684700542026
1710364846.0848124,1.2274022897084553
1710364846.0849464,1.279598871866862
1710364846.0850801,1.249822245703803
1710364846.085214,1.1384228865305583
1710364846.0853477,0.956960916519165
1710364846.0854816,0.714194311036004
1710364846.0856154,0.42833924293518066
1710364846.0857491,0.11551010111967722
1710364846.085883,-0.2039350734816657
1710364846.0860167,-0.5051449603504604
1710364846.0861506,-0.7727314366234673
1710364846.0862844,-0.989532536930508
1710364846.0864182,-1.141888697942098
1710364846.086552,-1.219642824596829
1710364846.086686,-1.2168408764733207
1710364846.0868196,-1.131731669108073
1710364846.0869534,-0.9734212689929538
1710364846.0870872,-0.7552192608515421
1710364846.087221,-0.4893840021557278
1710364846.087355,-0.19377799497710332
1710364846.0874887,0.11445916361278957
1710364846.0876224,0.41397644413842094
1710364846.0877562,0.6851183705859714
1710364846.08789,0.9135221772723727
1710364846.088024,1.0858759615156386
1710364846.0881577,1.1909698115454779
1710364846.0882914,1.2214469909667969
1710364846.0884252,1.1734541257222493
1710364846.0885592,1.0511949989530776
1710364846.088693,0.864478415913052
1710364846.0888267,0.62591552734375
1710364846.0889604,0.3477673398123847
1710364846.0890942,0.04754946049716737
1710364846.0892282,-0.2543702224890391
1710364846.089362,-0.5391186475753784
1710364846.0894957,-0.7909441656536526
1710364846.0896294,-0.9975881046719021
1710364846.0897634,-1.1457414097256131
1710364846.0898972,-1.2266476949055989
1710364846.090031,-1.235053671730889
1710364846.0901647,-1.1702583895789251
1710364846.0902984,-1.0368154446283977
1710364846.0904324,-0.8445314566294352
1710364846.0905662,-0.6049645609325832
1710364846.0907,-0.3335253728760613
1710364846.0908337,-0.043523299197355904
1710364846.0909677,0.24547606706619263
1710364846.0911014,0.5145161350568136
1710364846.0912352,0.7478243112564087
1710364846.091369,0.9320887592103746
1710364846.0915027,1.0543478197521634
1710364846.0916367,1.106894744767083
1710364846.0917704,1.0844747225443523
1710364846.0919042,0.9870878193113539
1710364846.092038,0.8231415351231892
1710364846.0921717,0.6020942661497328
1710364846.0923057,0.33795860078599715
1710364846.0924394,0.04509727160135905
1710364846.0925732,-0.25752241412798565
1710364846.092707,-0.5485752556059096
1710364846.092841,-0.8140602376725938
1710364846.0929747,-1.0371657212575276
1710364846.0931084,-1.2035316891140408
1710364846.0932422,-1.300199031829834
1710364846.093376,-1.3226146168178983
1710364846.09351,-1.2637735737694633
1710364846.0936437,-1.1271784040662978
1710364846.0937774,-0.9236866235733032
1710364846.0939112,-0.6641557481553819
1710364846.0940452,-0.3667985730701023
1710364846.094179,-0.04562476028998693
1710364846.0943127,0.27455202407307094
1710364846.0944464,0.5754705270131429
1710364846.0945802,0.8350521326065063
1710364846.0947142,1.0420868794123332
1710364846.094848,1.1808106634351943
1710364846.0949817,1.241765022277832
1710364846.0951154,1.2200457519955106
1710364846.0952492,1.1167034837934706
1710364846.0953832,0.9408465358946059
1710364846.095517,0.7050861914952596
1710364846.0956507,0.42273425393634373
1710364846.0957844,0.1120069788561927
1710364846.0959184,-0.20743752519289652
1710364846.0960522,-0.510748889711168
1710364846.096186,-0.7818377680248684
1710364846.0963197,-1.0028417905171711
1710364846.0964534,-1.1597511503431532
1710364846.0965874,-1.2406575679779053
1710364846.0967212,-1.2399570147196453
1710364846.096855,-1.1565989918178983
1710364846.0969887,-0.9972378942701552
1710364846.0971227,-0.7737822002834743
1710364846.0972564,-0.5016425251960754
1710364846.0973902,-0.19798093371921116
1710364846.097524,0.12006416916847229
1710364846.0976577,0.42833924293518066
1710364846.0977917,0.7085892889234755
1710364846.0979254,0.945400595664978
1710364846.0980592,1.1244103643629286
1710364846.098193,1.2330072455936008
1710364846.0983267,1.2659366925557454
1710364846.0984607,1.218644380569458
1710364846.0985944,1.0960350433985393
1710364846.0987282,0.9065159161885579
1710364846.098862,0.6630486912197536
1710364846.098996,0.38104703028996784
1710364846.0991297,0.07697571482923296
1710364846.0992634,-0.22985314329465228
1710364846.0993972,-0.5160025424427456
1710364846.099531,-0.7685285144382052
1710364846.099665,-0.9720202949311998
1710364846.0997987,-1.1163208219740126
1710364846.0999324,-1.1909227901034884
1710364846.1000662,-1.1919735537634955
1710364846.1002002,-1.1191227700975206
1710364846.100334,-0.9776241911782159
1710364846.1004677,-0.7786856094996134
1710364846.1006014,-0.5352659689055549
1710364846.1007352,-0.26137510935465497
1710364846.1008692,0.02793195553951793
1710364846.101003,0.3137870298491584
1710364846.1011367,0.5772221088409424
1710364846.1012704,0.8038743336995442
1710364846.1014044,0.9804319010840522
1710364846.1015382,1.0960350433985393
1710364846.101672,1.1405246787601047
1710364846.1018057,1.1117990811665852
1710364846.1019394,1.010909080505371
1710364846.1020734,0.8441603183746338
1710364846.1022072,0.6241640117433336
1710364846.102341,0.3617798619800144
1710364846.1024747,0.07347259256574842
1710364846.1026084,-0.22249801291359794
1710364846.1027424,-0.5072464545567831
1710364846.1028762,-0.7646758026546902
1710364846.10301,-0.981126692559984
1710364846.1031437,-1.1425891187455919
1710364846.1032777,-1.2378556198543973
1710364846.1034114,-1.2599209944407146
1710364846.1035452,-1.2042321099175346
1710364846.103679,-1.074291600121392
1710364846.1038127,-0.8799061510297987
1710364846.1039467,-0.6315830681059096
1710364846.1040804,-0.34543368551466197
1710364846.1042142,-0.03511743826998605
1710364846.104348,0.2759532630443573
1710364846.104482,0.5677636464436849
1710364846.1046157,0.8224409156375461
1710364846.1047494,1.0245712598164876
1710364846.1048832,1.1625944243537054
1710364846.105017,1.2245998117658827
1710364846.105151,1.2067337830861409
1710364846.1052847,1.1082959837383695
1710364846.1054184,0.9383944008085463
1710364846.1055522,0.7071880499521891
1710364846.105686,0.43044113450580174
1710364846.10582,0.12286666366789076
1710364846.1059537,-0.19517898559570312
1710364846.1060874,-0.4991908205880059
1710364846.1062212,-0.7720309495925903
1710364846.1063552,-0.9982885917027791
1710364846.106489,-1.1615023348066542
1710364846.1066227,-1.2504643864101834
1710364846.1067564,-1.2574692567189534
1710364846.1068902,-1.1814663145277235
1710364846.1070242,-1.0273589028252494
1710364846.107158,-0.8060046037038167
1710364846.1072917,-0.5338649948438009
1710364846.1074255,-0.22775168220202127
1710364846.1075594,0.09484166072474585
1710364846.1076932,0.4097726609971788
1710364846.107827,0.6980799304114448
1710364846.1079607,0.9425981177224053
1710364846.1080945,1.1289644241333008
1710364846.1082284,1.244567632675171
1710364846.1083622,1.2820510069529216
1710364846.108496,1.2389625443352592
1710364846.1086297,1.1167034837934706
1710364846.1087637,0.9264837370978461
1710364846.1088974,0.6805643108155992
1710364846.1090312,0.39365831348631114
1710364846.109165,0.0839819676346249
1710364846.1092987,-0.2291526562637753
1710364846.1094327,-0.5219566822052002
1710364846.1095665,-0.7793860965304904
1710364846.1097002,-0.98638031217787
1710364846.109834,-1.1313813262515597
1710364846.1099677,-1.2052828735775418
1710364846.1101017,-1.2024809254540336
1710364846.1102355,-1.1229754818810356
1710364846.1103692,-0.9748222430547078
1710364846.110503,-0.7685285144382052
1710364846.110637,-0.5184542470508151
1710364846.1107707,-0.23825900422202215
1710364846.1109045,0.054555713302559324
1710364846.1110382,0.34181204107072616
1710364846.111172,0.6041961908340454
1710364846.111306,0.8280459377500746
1710364846.1114397,0.9993487596511841
1710364846.1115735,1.1075953642527263
1710364846.1117072,1.1447285281287298
1710364846.1118412,1.1082959837383695
1710364846.111975,0.9982977973090278
1710364846.1121087,0.8245427740944756
1710364846.1122425,0.5975402063793606
1710364846.1123762,0.3313026494450039
1710364846.1125102,0.04019289794895384
1710364846.112644,-0.2571721706125471
1710364846.1127777,-0.540169378121694
1710364846.1129115,-0.7961977852715386
1710364846.1130452,-1.0098466608259413
1710364846.1131792,-1.1671062310536702
1710364846.113313,-1.2599209944407146
1710364846.1134467,-1.2802350521087646
1710364846.1135805,-1.224546300040351
1710364846.1137145,-1.0970574617385864
1710364846.1138482,-0.906174447801378
1710364846.113982,-0.664856301413642
1710364846.1141157,-0.3846610254711575
1710364846.1142495,-0.08310087853007846
1710364846.1143835,0.22130449612935382
1710364846.1145172,0.5064589447445339
1710364846.114651,0.7558815346823798
1710364846.1147847,0.9562602970335219
1710364846.1149187,1.091130640771654
1710364846.1150525,1.153135961956448
1710364846.1151862,1.137722200817532
1710364846.11532,1.0427874988979764
1710364846.1154537,0.8770896991093953
1710364846.1155877,0.6518386469946967
1710364846.1157215,0.37999610106150306
1710364846.1158552,0.07767634259329902
1710364846.115989,-0.23545703954166836
1710364846.1161227,-0.5359664559364319
1710364846.1162567,-0.8077558543947008
1710364846.1163905,-1.0350642601648967
1710364846.1165242,-1.2000291877322726
1710364846.116658,-1.2928438186645508
1710364846.116792,-1.303351190355089
1710364846.1169257,-1.231551170349121
1710364846.1170595,-1.0788447327084012
1710364846.1171932,-0.8588914738761054
1710364846.117327,-0.586401621500651
1710364846.117461,-0.27818683120939464
1710364846.1175947,0.04895071188608805
1710364846.1177285,0.3719389107492235
1710364846.1178622,0.668303370475769
1710364846.1179962,0.9233309162987603
1710364846.11813,1.118104722764757
1710364846.1182637,1.2435166041056316
1710364846.1183975,1.28800630569458
1710364846.1185312,1.2515738275316026
1710364846.1186652,1.13316814104716
1710364846.118799,0.945400595664978
1710364846.1189327,0.6998315122392442
1710364846.1190665,0.41187455256779987
1710364846.1192005,0.10009634825918409
1710364846.1193342,-0.2175946036974589
1710364846.119468,-0.512850350803799
1710364846.1196017,-0.7734319236543443
1710364846.1197355,-0.982877877023485
1710364846.1198695,-1.1285793781280518
1710364846.1200032,-1.2000291877322726
1710364846.120137,-1.1930243174235027
1710364846.1202707,-1.1075647672017415
1710364846.1204045,-0.9513558944066365
1710364846.1205385,-0.7366563214196099
1710364846.1206722,-0.4767752024862501
1710364846.120806,-0.18782385521464878
1710364846.1209397,0.11340822610590193
1710364846.1210737,0.40451798174116343
1710364846.1212075,0.6693543328179253
1710364846.1213412,0.8935543563630846
1710364846.121475,1.0624050431781344
1710364846.1216087,1.1674988269805908
1710364846.1217427,1.1986766921149359
1710364846.1218765,1.1545372009277344
1710364846.1220102,1.0375328196419609
1710364846.122144,0.856421258714464
1710364846.122278,0.6238136688868204
1710364846.1224117,0.3530220521820916
1710364846.1225455,0.059109777212142944
1710364846.1226792,-0.23755851719114515
1710364846.122813,-0.5191547340816921
1710364846.122947,-0.7699294884999592
1710364846.1230807,-0.9769237041473389
1710364846.1232145,-1.1275286144680448
1710364846.1233482,-1.2122877438863118
1710364846.123482,-1.225246720843845
1710364846.123616,-1.1646544933319092
1710364846.1237497,-1.0350642601648967
1710364846.1238835,-0.8441812462276882
1710364846.1240172,-0.6046142843034532
1710364846.1241512,-0.3307234247525533
1710364846.124285,-0.03686865998639001
1710364846.1244187,0.25913826293415493
1710364846.1245525,0.5355348851945665
1710364846.1246862,0.7776008711920844
1710364846.1248202,0.9688715802298652
1710364846.124954,1.0998884836832683
1710364846.1250877,1.1587410502963595
1710364846.1252215,1.1419260501861572
1710364846.1253555,1.0494434833526611
1710364846.1254892,0.8879493342505561
1710364846.125623,0.6672524081336128
1710364846.1257567,0.40206581354141235
1710364846.1258905,0.1078032288286421
1710364846.1260245,-0.19833117723464966
1710364846.1261582,-0.4939371678564283
1710364846.126292,-0.7625743415620592
1710364846.1264257,-0.988131562868754
1710364846.1265595,-1.154847674899631
1710364846.1266935,-1.2522155708736844
1710364846.1268272,-1.2714789973364935
1710364846.126961,-1.2077346112993028
1710364846.1270947,-1.066936453183492
1710364846.1272287,-0.8574904998143513
1710364846.1273625,-0.5948074658711752
1710364846.1274962,-0.2928970588578118
1710364846.12763,0.02933320485883289
1710364846.1277637,0.3498692313830058
1710364846.1278977,0.6469343105951945
1710364846.1280315,0.9037134382459853
1710364846.1281652,1.1040922005971272
1710364846.128299,1.2347588274214003
1710364846.128433,1.2876559628380668
1710364846.1285667,1.257178783416748
1710364846.1287005,1.1461297671000164
1710364846.1288342,0.9632665581173366
1710364846.128968,0.7208502292633057
1710364846.129102,0.4332436124483744
1710364846.1292357,0.12006416916847229
1710364846.1293695,-0.19973215129640368
1710364846.1295033,-0.5023430122269524
1710364846.1296372,-0.7699294884999592
1710364846.129771,-0.987080799208747
1710364846.1299047,-1.13908674981859
1710364846.1300385,-1.216140455669827
1710364846.1301723,-1.2126379542880588
1710364846.1303062,-1.1271784040662978
1710364846.13044,-0.9688681364059448
1710364846.1305737,-0.749615364604526
1710364846.1307075,-0.48307958576414317
1710364846.1308413,-0.18642288115289476
1710364846.1309752,0.12321698168913522
1710364846.131109,0.42273425393634373
1710364846.1312428,0.6949271096123589
1710364846.1313765,0.9243818786409166
1710364846.1315105,1.0974362823698256
1710364846.1316442,1.2018293804592557
1710364846.131778,1.2323066923353407
1710364846.1319118,1.1850143803490532
1710364846.1320455,1.0624050431781344
1710364846.1321795,0.8756883939107258
1710364846.1323133,0.6360746092266506
1710364846.132447,0.3579264216952854
1710364846.1325808,0.05875946333010991
1710364846.1327147,-0.2431624134381612
1710364846.1328485,-0.5275606115659078
1710364846.1329823,-0.7797363069322374
1710364846.133116,-0.9835783640543619
1710364846.1332498,-1.1313813262515597
1710364846.1333838,-1.2098360061645508
1710364846.1335175,-1.217891640133328
1710364846.1336513,-1.150644752714369
1710364846.133785,-1.0158008337020874
1710364846.1339188,-0.822115871641371
1710364846.1340528,-0.5825489097171359
1710364846.1341865,-0.31040926774342853
1710364846.1343203,-0.019356457309590444
1710364846.134454,0.2692973282602098
1710364846.134588,0.5372864670223659
1710364846.1347218,0.7702443334791396
1710364846.1348555,0.953107476234436
1710364846.1349893,1.0732647445466783
1710364846.135123,1.1240600215064154
1710364846.135257,1.1002387603123982
1710364846.1353908,1.0014506181081135
1710364846.1355245,0.8361030949486626
1710364846.1356583,0.614355206489563
1710364846.1357923,0.34951892164018417
1710364846.135926,0.05560665080944697
1710364846.1360598,-0.24666484859254625
1710364846.1361935,-0.5387684040599399
1710364846.1363273,-0.8039031426111857
1710364846.1364613,-1.0270086261961195
1710364846.136595,-1.1937248706817627
1710364846.1367288,-1.2917931874593098
1710364846.1368625,-1.3128077983856201
1710364846.1369963,-1.2546673085954454
1710364846.1371303,-1.1194731129540336
1710364846.137264,-0.91703196366628
1710364846.1373978,-0.659602615568373
1710364846.1375315,-0.36364638143115574
1710364846.1376655,-0.04492427325910992
1710364846.1377993,0.2756029533015357
1710364846.137933,0.5726680490705702
1710364846.1380668,0.8311986923217773
1710364846.1382005,1.0361315806706746
1710364846.1383345,1.1731037828657362
1710364846.1384683,1.2330072455936008
1710364846.138602,1.2098866038852267
1710364846.1387358,1.1061941252814398
1710364846.1388698,0.929986900753445
1710364846.1390035,0.6935258706410726
1710364846.1391373,0.4111739330821567
1710364846.139271,0.10079697602325015
1710364846.1394048,-0.2179448472128974
1710364846.1395388,-0.5202054646280077
1710364846.1396725,-0.7909441656536526
1710364846.1398063,-1.0108974244859483
1710364846.13994,-1.1674564414554172
1710364846.140074,-1.2483628590901692
1710364846.1402078,-1.2469618850284152
1710364846.1403415,-1.1618525452084012
1710364846.1404753,-1.0024915801154242
1710364846.140609,-0.7783353328704834
1710364846.140743,-0.5068962110413445
1710364846.1408768,-0.2018336123890347
1710364846.1410105,0.11551010111967722
1710364846.1411443,0.42483611239327324
1710364846.141278,0.7057868109809028
1710364846.141412,0.9429484605789185
1710364846.1415458,1.1205568578508165
1710364846.1416795,1.229854424794515
